round 0
   monkey 0
6 0 6 5
false
22 0 3 9
false

   monkey 1
14 3 8 9
false
2 14 6 3
false
12 5 3 13
false
11 4 2 12
false

   monkey 2
8 9 1 2
false
12 9 12 13
false
2 4 10 8
false

   monkey 3
8 1 12 9
false
9 3 9 8
false
2 3 6 12
false
11 12 4 5
false
15 12 2 16
false
5 7 0 11
false

size: 4
79 98
54 65 75 74
79 60 97
74
--------------------
size: 6
79 98
54 65 75 74
79 60 97
74
--------------------
size: 0
79 98
54 65 75 74
79 60 97
74
--------------------
size: 0
79 98
54 65 75 74
79 60 97
74
--------------------
===========================================
round 1
   monkey 0
13 0 9 1 
false
15 0 10 6
false
21 0 5 9
false
2 0 12 7
false

   monkey 1
14 7 5 15
false
15 9 2 14
false
8 9 12 1
false
17 18 10 11
false
21 18 8 5
false
11 13 6 0
false

   monkey 2

   monkey 3
16 3 12 4
false
18 3 0 9
false
1 3 8 12
false
5 3 2 10
false

size: 6
79 98
54 65 75 74
79 60 97
74
--------------------
size: 4
79 98
54 65 75 74
79 60 97
74
--------------------
size: 0
79 98
54 65 75 74
79 60 97
74
--------------------
size: 0
79 98
54 65 75 74
79 60 97
74
--------------------
===========================================
6
10
3
10
100