Case #1: 21 2 2 3 3 3 3 5 7 1 1 1 1 1 1 1 1 1 1 1 1 1 
Case #2: 13 2 2 2 2 3 3 3 3 5 13 1 1 1 
Case #3: 24 2 2 2 3 3 3 3 7 1 1 1 1 1 1 1 1 1 1 1 1 1 1 1 1 
Case #4: 23 2 2 2 2 2 2 2 2 2 2 2 2 2 2 3 3 1 1 1 1 1 1 1 
Case #5: 20 2 2 2 3 7 11 1 1 1 1 1 1 1 1 1 1 1 1 1 1 
Case #6: 10 2 3 3 5 5 7 13 1 1 1 
Case #7: 24 2 2 2 2 2 2 2 2 2 5 5 1 1 1 1 1 1 1 1 1 1 1 1 1 
Case #8: 18 2 2 2 2 2 3 3 3 5 5 5 1 1 1 1 1 1 1 
Case #9: 16 2 2 2 2 2 2 2 3 3 5 11 1 1 1 1 1 
Case #10: 23 2 2 2 2 2 2 2 2 2 2 2 2 7 1 1 1 1 1 1 1 1 1 1 
Case #11: -1
Case #12: 22 20 1 1 1 1 1 1 1 1 1 1 1 1 1 1 1 1 1 1 1 1 1 
Case #13: 17 2 2 2 2 3 3 3 5 5 7 1 1 1 1 1 1 1 
Case #14: 28 2 2 2 2 2 3 3 3 3 1 1 1 1 1 1 1 1 1 1 1 1 1 1 1 1 1 1 1 
Case #15: 14 2 2 2 2 2 5 7 7 7 1 1 1 1 1 
Case #16: 3 11 13 17 
Case #17: 15 2 2 2 2 3 3 3 3 5 11 1 1 1 1 1 
Case #18: 25 2 2 3 5 5 5 1 1 1 1 1 1 1 1 1 1 1 1 1 1 1 1 1 1 1 
Case #19: 16 2 2 2 2 2 2 2 2 2 3 3 7 7 1 1 1 
Case #20: 26 2 2 2 2 2 2 2 2 2 3 3 3 1 1 1 1 1 1 1 1 1 1 1 1 1 1 
Case #21: 10 2 2 2 2 2 3 7 19 1 1 
Case #22: 22 2 2 2 2 2 2 2 2 2 2 2 2 2 7 1 1 1 1 1 1 1 1 
Case #23: 22 2 2 2 2 2 2 2 5 5 5 1 1 1 1 1 1 1 1 1 1 1 1 
Case #24: 29 2 2 3 3 3 5 1 1 1 1 1 1 1 1 1 1 1 1 1 1 1 1 1 1 1 1 1 1 1 
Case #25: 24 2 3 3 5 5 5 1 1 1 1 1 1 1 1 1 1 1 1 1 1 1 1 1 1 
Case #26: 23 2 2 2 2 2 2 3 5 7 1 1 1 1 1 1 1 1 1 1 1 1 1 1 
Case #27: 21 2 2 2 2 2 2 2 2 3 11 1 1 1 1 1 1 1 1 1 1 1 
Case #28: 13 2 2 5 5 7 7 7 1 1 1 1 1 1 
Case #29: 24 18 1 1 1 1 1 1 1 1 1 1 1 1 1 1 1 1 1 1 1 1 1 1 1 
Case #30: 18 2 3 3 3 3 3 3 5 7 1 1 1 1 1 1 1 1 1 
Case #31: 16 2 3 3 3 7 13 1 1 1 1 1 1 1 1 1 1 
Case #32: 12 2 2 2 3 3 5 5 5 11 1 1 1 
Case #33: 21 2 2 2 2 2 2 2 2 7 7 1 1 1 1 1 1 1 1 1 1 1 
Case #34: 17 2 2 2 2 2 2 3 3 5 11 1 1 1 1 1 1 1 
Case #35: 25 2 2 2 2 2 2 3 3 3 3 3 1 1 1 1 1 1 1 1 1 1 1 1 1 1 
Case #36: 25 5 13 1 1 1 1 1 1 1 1 1 1 1 1 1 1 1 1 1 1 1 1 1 1 1 
Case #37: -1
Case #38: -1
Case #39: 14 2 2 2 2 2 3 3 3 5 7 7 1 1 1 
Case #40: 9 2 2 31 1 1 1 1 1 1 
Case #41: 17 2 2 3 3 5 5 5 7 1 1 1 1 1 1 1 1 1 
Case #42: 17 2 2 2 2 2 2 3 3 3 3 5 7 1 1 1 1 1 
Case #43: -1
Case #44: 14 2 2 2 2 2 2 2 3 5 5 5 7 1 1 
Case #45: 23 2 2 3 3 3 5 7 1 1 1 1 1 1 1 1 1 1 1 1 1 1 1 1 
Case #46: 18 2 2 2 2 2 3 5 5 5 5 1 1 1 1 1 1 1 1 
Case #47: 21 2 2 2 2 2 2 2 2 3 3 5 5 1 1 1 1 1 1 1 1 1 
Case #48: -1
Case #49: 15 2 2 2 2 3 3 3 5 13 1 1 1 1 1 1 
Case #50: 24 2 3 3 3 3 5 5 1 1 1 1 1 1 1 1 1 1 1 1 1 1 1 1 1 
Case #51: 18 2 2 2 2 2 3 3 3 3 11 1 1 1 1 1 1 1 1 
Case #52: 8 2 2 2 3 7 23 1 1 
Case #53: 10 2 3 3 3 5 5 17 1 1 1 
Case #54: 26 2 3 3 3 3 3 5 1 1 1 1 1 1 1 1 1 1 1 1 1 1 1 1 1 1 1 
Case #55: 2 40 1 
Case #56: 21 2 2 2 2 2 2 3 3 3 3 3 3 3 1 1 1 1 1 1 1 1 
Case #57: -1
Case #58: 15 2 2 3 3 3 3 3 3 3 5 7 1 1 1 1 
Case #59: 22 2 2 2 2 2 2 2 2 2 2 2 2 2 3 3 3 1 1 1 1 1 1 
Case #60: 25 2 2 2 2 2 2 3 3 3 5 1 1 1 1 1 1 1 1 1 1 1 1 1 1 1 
Case #61: 15 2 2 2 2 2 2 2 2 5 5 11 1 1 1 1 
Case #62: 20 2 2 2 2 2 2 2 2 2 2 2 2 2 3 7 1 1 1 1 1 
Case #63: 26 2 2 2 3 3 3 7 1 1 1 1 1 1 1 1 1 1 1 1 1 1 1 1 1 1 1 
Case #64: 15 2 2 2 2 2 2 3 3 3 5 5 7 1 1 1 
Case #65: -1
Case #66: 19 2 2 2 2 3 7 11 1 1 1 1 1 1 1 1 1 1 1 1 
Case #67: 14 2 3 3 3 5 5 7 7 1 1 1 1 1 1 
Case #68: 18 2 2 2 2 2 2 2 2 2 2 2 3 11 1 1 1 1 1 
Case #69: 23 2 2 3 5 11 1 1 1 1 1 1 1 1 1 1 1 1 1 1 1 1 1 1 
Case #70: 28 2 2 2 11 1 1 1 1 1 1 1 1 1 1 1 1 1 1 1 1 1 1 1 1 1 1 1 1 
Case #71: -1
Case #72: -1
Case #73: 10 2 2 2 3 7 11 11 1 1 1 
Case #74: 23 2 2 2 2 2 2 3 3 5 5 1 1 1 1 1 1 1 1 1 1 1 1 1 
Case #75: 12 2 2 2 3 7 7 13 1 1 1 1 1 
Case #76: 8 34 1 1 1 1 1 1 1 
Case #77: 22 2 2 2 2 2 2 2 3 3 5 5 1 1 1 1 1 1 1 1 1 1 1 
Case #78: -1
Case #79: -1
Case #80: 14 2 2 2 2 2 2 2 2 2 3 7 11 1 1 
Case #81: 14 2 2 2 2 2 2 2 5 5 13 1 1 1 1 
Case #82: 21 2 2 2 2 2 2 2 2 2 2 2 2 3 7 1 1 1 1 1 1 1 
Case #83: 15 2 2 2 2 3 3 3 5 5 5 5 1 1 1 1 
Case #84: 11 2 2 2 2 3 3 11 13 1 1 1 
Case #85: 20 2 2 2 2 2 3 3 3 5 7 1 1 1 1 1 1 1 1 1 1 
Case #86: 16 2 2 2 2 2 2 2 2 2 5 7 7 1 1 1 1 
Case #87: 16 2 2 2 3 3 7 7 7 1 1 1 1 1 1 1 1 
Case #88: 18 2 2 2 2 2 2 2 3 3 3 3 3 3 5 1 1 1 1 
Case #89: 15 2 2 2 2 2 2 2 2 3 7 11 1 1 1 1 
Case #90: 31 2 2 2 2 7 1 1 1 1 1 1 1 1 1 1 1 1 1 1 1 1 1 1 1 1 1 1 1 1 1 1 
Case #91: -1
Case #92: -1
Case #93: 32 2 2 2 2 2 5 1 1 1 1 1 1 1 1 1 1 1 1 1 1 1 1 1 1 1 1 1 1 1 1 1 1 
Case #94: 21 2 2 2 2 2 2 2 2 5 5 5 1 1 1 1 1 1 1 1 1 1 
Case #95: 19 2 2 2 2 2 2 3 5 5 7 1 1 1 1 1 1 1 1 1 
Case #96: 17 2 2 2 2 3 3 3 3 5 5 5 1 1 1 1 1 1 
Case #97: -1
Case #98: 23 2 2 2 2 2 2 2 2 2 2 2 2 2 2 5 1 1 1 1 1 1 1 1 
Case #99: 18 2 2 2 2 2 2 2 2 2 3 7 7 1 1 1 1 1 1 
Case #100: 30 2 2 2 2 2 2 2 5 1 1 1 1 1 1 1 1 1 1 1 1 1 1 1 1 1 1 1 1 1 1 
Case #101: 18 2 2 2 2 2 2 2 2 2 3 5 5 5 1 1 1 1 1 
Case #102: 18 2 2 2 2 2 3 3 3 3 3 3 3 5 1 1 1 1 1 
Case #103: 13 29 1 1 1 1 1 1 1 1 1 1 1 1 
Case #104: 6 36 1 1 1 1 1 
Case #105: 17 2 2 3 3 7 7 7 1 1 1 1 1 1 1 1 1 1 
Case #106: 21 2 2 2 2 2 2 2 2 2 2 2 2 2 2 2 2 2 2 2 2 2 
Case #107: 13 2 2 2 2 2 2 5 7 13 1 1 1 1 
Case #108: 19 2 2 2 2 3 3 3 7 7 1 1 1 1 1 1 1 1 1 1 
Case #109: 9 2 2 2 2 3 11 17 1 1 
Case #110: 29 2 2 2 2 2 2 7 1 1 1 1 1 1 1 1 1 1 1 1 1 1 1 1 1 1 1 1 1 1 
Case #111: 27 2 2 2 2 3 3 7 1 1 1 1 1 1 1 1 1 1 1 1 1 1 1 1 1 1 1 1 
Case #112: 15 2 2 3 3 3 3 5 5 5 5 1 1 1 1 1 
Case #113: 33 2 2 3 5 1 1 1 1 1 1 1 1 1 1 1 1 1 1 1 1 1 1 1 1 1 1 1 1 1 1 1 1 1 
Case #114: -1
Case #115: 24 2 2 2 2 2 2 2 5 7 1 1 1 1 1 1 1 1 1 1 1 1 1 1 1 
Case #116: 24 2 2 2 2 2 2 2 2 2 2 2 2 2 5 1 1 1 1 1 1 1 1 1 1 
Case #117: 18 2 2 2 3 5 5 5 7 1 1 1 1 1 1 1 1 1 1 
Case #118: 22 2 2 2 2 2 2 2 2 2 3 3 3 5 1 1 1 1 1 1 1 1 1 
Case #119: 39 3 1 1 1 1 1 1 1 1 1 1 1 1 1 1 1 1 1 1 1 1 1 1 1 1 1 1 1 1 1 1 1 1 1 1 1 1 1 1 
Case #120: 18 2 3 3 3 5 7 7 1 1 1 1 1 1 1 1 1 1 1 
Case #121: 14 2 2 2 2 2 5 7 13 1 1 1 1 1 1 
Case #122: 22 2 2 2 2 2 3 3 11 1 1 1 1 1 1 1 1 1 1 1 1 1 1 
Case #123: 33 2 2 2 2 2 2 3 1 1 1 1 1 1 1 1 1 1 1 1 1 1 1 1 1 1 1 1 1 1 1 1 1 1 
Case #124: 21 5 17 1 1 1 1 1 1 1 1 1 1 1 1 1 1 1 1 1 1 1 
Case #125: 17 2 2 2 2 2 2 2 2 3 5 5 7 1 1 1 1 1 
Case #126: 15 2 2 2 2 2 2 2 2 2 2 3 5 11 1 1 
Case #127: 18 2 2 2 5 5 7 7 1 1 1 1 1 1 1 1 1 1 1 
Case #128: 21 2 2 2 2 2 2 3 3 5 7 1 1 1 1 1 1 1 1 1 1 1 
Case #129: -1
Case #130: 9 2 2 2 2 3 5 23 1 1 
Case #131: 19 2 2 2 2 2 2 2 2 2 2 3 3 3 3 5 1 1 1 1 
Case #132: -1
Case #133: 5 19 19 1 1 1 
Case #134: -1
Case #135: 32 2 2 2 3 3 3 1 1 1 1 1 1 1 1 1 1 1 1 1 1 1 1 1 1 1 1 1 1 1 1 1 1 
Case #136: 11 2 2 2 2 3 3 5 19 1 1 1 
Case #137: 22 2 2 2 2 2 3 3 5 7 1 1 1 1 1 1 1 1 1 1 1 1 1 
Case #138: 19 2 2 2 2 2 2 2 2 2 2 2 2 3 5 5 1 1 1 1 
Case #139: -1
Case #140: 18 2 3 5 7 11 1 1 1 1 1 1 1 1 1 1 1 1 1 
Case #141: 22 2 2 2 2 2 2 2 2 2 2 2 2 2 2 2 3 3 1 1 1 1 1 
Case #142: 22 2 2 2 2 2 2 2 3 3 3 3 5 1 1 1 1 1 1 1 1 1 1 
Case #143: 22 2 2 2 2 2 2 2 2 2 5 7 1 1 1 1 1 1 1 1 1 1 1 
Case #144: 21 2 2 2 2 2 2 2 2 3 3 3 3 5 1 1 1 1 1 1 1 1 
Case #145: 27 2 2 3 3 3 3 5 1 1 1 1 1 1 1 1 1 1 1 1 1 1 1 1 1 1 1 1 
Case #146: 14 2 2 2 3 3 5 7 11 1 1 1 1 1 1 
Case #147: 12 2 2 2 3 3 5 19 1 1 1 1 1 
Case #148: 15 2 2 3 3 3 3 3 3 5 5 5 1 1 1 1 
Case #149: -1
Case #150: 24 2 2 2 2 2 2 2 2 2 3 3 5 1 1 1 1 1 1 1 1 1 1 1 1 
Case #151: 24 2 2 2 2 2 2 2 2 2 2 2 3 3 3 1 1 1 1 1 1 1 1 1 1 
Case #152: 16 2 2 2 3 3 5 5 11 1 1 1 1 1 1 1 1 
Case #153: 12 2 2 2 3 7 7 7 7 1 1 1 1 
Case #154: 13 2 2 2 2 3 3 3 19 1 1 1 1 1 
Case #155: -1
Case #156: 16 2 2 2 3 3 3 3 3 3 11 1 1 1 1 1 1 
Case #157: 32 2 3 7 1 1 1 1 1 1 1 1 1 1 1 1 1 1 1 1 1 1 1 1 1 1 1 1 1 1 1 1 1 
Case #158: 16 2 2 2 2 2 2 2 3 3 5 5 7 1 1 1 1 
Case #159: 22 2 2 2 2 2 2 2 3 3 3 3 3 3 1 1 1 1 1 1 1 1 1 
Case #160: -1
Case #161: 14 2 3 3 3 3 3 3 3 5 5 5 1 1 1 
Case #162: 12 2 3 3 3 3 3 3 5 13 1 1 1 
Case #163: 21 2 2 2 2 3 3 3 3 3 3 5 1 1 1 1 1 1 1 1 1 1 
Case #164: -1
Case #165: 21 2 2 3 5 5 5 5 1 1 1 1 1 1 1 1 1 1 1 1 1 1 
Case #166: 17 3 23 1 1 1 1 1 1 1 1 1 1 1 1 1 1 1 
Case #167: 14 2 3 3 5 5 5 5 7 1 1 1 1 1 1 
Case #168: 19 2 2 3 3 3 3 7 7 1 1 1 1 1 1 1 1 1 1 1 
Case #169: 25 7 11 1 1 1 1 1 1 1 1 1 1 1 1 1 1 1 1 1 1 1 1 1 1 1 
Case #170: 15 2 2 2 2 3 3 7 7 7 1 1 1 1 1 1 
Case #171: 21 2 2 2 2 2 2 3 5 5 5 1 1 1 1 1 1 1 1 1 1 1 
Case #172: 17 2 2 2 2 2 2 2 2 3 3 3 3 5 5 1 1 1 
Case #173: 23 2 2 2 2 3 7 7 1 1 1 1 1 1 1 1 1 1 1 1 1 1 1 1 
Case #174: 16 2 2 2 2 2 3 3 5 13 1 1 1 1 1 1 1 
Case #175: 20 2 2 2 3 3 3 5 5 5 1 1 1 1 1 1 1 1 1 1 1 
Case #176: 22 2 3 3 3 3 3 3 3 5 1 1 1 1 1 1 1 1 1 1 1 1 1 
Case #177: 19 2 2 2 2 2 2 2 2 2 2 2 2 3 3 3 5 1 1 1 
Case #178: 20 2 2 2 2 2 3 3 7 7 1 1 1 1 1 1 1 1 1 1 1 
Case #179: -1
Case #180: 18 2 2 2 2 2 2 2 3 5 5 7 1 1 1 1 1 1 1 
Case #181: 25 2 2 2 2 3 3 3 3 3 3 1 1 1 1 1 1 1 1 1 1 1 1 1 1 1 
Case #182: 13 2 2 2 2 2 2 3 3 7 13 1 1 1 
Case #183: 13 2 2 3 3 3 5 17 1 1 1 1 1 1 
Case #184: 19 2 2 2 2 2 2 2 2 2 2 5 5 5 1 1 1 1 1 1 
Case #185: 24 2 2 2 3 3 3 5 5 1 1 1 1 1 1 1 1 1 1 1 1 1 1 1 1 
Case #186: 16 2 2 2 3 3 3 3 3 3 3 3 3 5 1 1 1 
Case #187: 26 16 1 1 1 1 1 1 1 1 1 1 1 1 1 1 1 1 1 1 1 1 1 1 1 1 1 
Case #188: 14 2 2 2 3 3 3 7 7 7 1 1 1 1 1 
Case #189: 18 2 2 2 3 3 5 13 1 1 1 1 1 1 1 1 1 1 1 
Case #190: 20 2 2 2 5 5 11 1 1 1 1 1 1 1 1 1 1 1 1 1 1 
Case #191: 13 2 2 2 2 2 2 2 2 3 7 13 1 1 
Case #192: -1
Case #193: -1
Case #194: 16 2 2 2 3 3 7 13 1 1 1 1 1 1 1 1 1 
Case #195: 28 2 2 2 2 2 3 3 5 1 1 1 1 1 1 1 1 1 1 1 1 1 1 1 1 1 1 1 1 
Case #196: -1
Case #197: 18 2 3 3 3 5 13 1 1 1 1 1 1 1 1 1 1 1 1 
Case #198: -1
Case #199: 21 2 2 3 5 7 7 1 1 1 1 1 1 1 1 1 1 1 1 1 1 1 
Case #200: 35 2 2 2 2 2 2 1 1 1 1 1 1 1 1 1 1 1 1 1 1 1 1 1 1 1 1 1 1 1 1 1 1 1 1 1 
Case #201: 16 2 2 2 3 3 3 3 3 5 5 5 1 1 1 1 1 
Case #202: -1
Case #203: 20 2 2 2 2 2 3 3 3 3 5 5 1 1 1 1 1 1 1 1 1 
Case #204: 21 2 2 3 3 3 3 3 3 3 5 1 1 1 1 1 1 1 1 1 1 1 
Case #205: 20 2 3 3 3 3 3 3 3 3 5 1 1 1 1 1 1 1 1 1 1 
Case #206: 19 2 2 3 3 3 5 11 1 1 1 1 1 1 1 1 1 1 1 1 
Case #207: 21 2 2 2 2 2 2 2 2 3 3 3 3 3 3 1 1 1 1 1 1 1 
Case #208: 14 2 2 2 2 2 3 3 3 3 5 11 1 1 1 
Case #209: 17 2 2 2 2 2 2 2 2 2 2 2 2 3 5 7 1 1 
Case #210: 16 2 2 2 2 2 2 2 2 2 3 5 5 7 1 1 1 
Case #211: 23 3 17 1 1 1 1 1 1 1 1 1 1 1 1 1 1 1 1 1 1 1 1 1 
Case #212: 24 2 2 2 2 2 2 2 2 2 3 7 1 1 1 1 1 1 1 1 1 1 1 1 1 
Case #213: 19 2 2 2 2 3 3 3 3 3 3 3 5 1 1 1 1 1 1 1 
Case #214: 14 28 1 1 1 1 1 1 1 1 1 1 1 1 1 
Case #215: -1
Case #216: 18 2 2 2 3 3 3 3 3 3 5 5 1 1 1 1 1 1 1 
Case #217: -1
Case #218: 16 26 1 1 1 1 1 1 1 1 1 1 1 1 1 1 1 
Case #219: 19 2 2 2 2 2 2 2 2 3 5 5 5 1 1 1 1 1 1 1 
Case #220: 41 1 1 1 1 1 1 1 1 1 1 1 1 1 1 1 1 1 1 1 1 1 1 1 1 1 1 1 1 1 1 1 1 1 1 1 1 1 1 1 1 1 
Case #221: 21 2 2 2 2 3 3 3 11 1 1 1 1 1 1 1 1 1 1 1 1 1 
Case #222: 10 2 3 3 5 23 1 1 1 1 1 
Case #223: 17 2 2 2 2 2 2 3 3 5 5 7 1 1 1 1 1 1 
Case #224: 26 2 2 2 2 2 2 2 3 3 5 1 1 1 1 1 1 1 1 1 1 1 1 1 1 1 1 
Case #225: 3 5 17 19 
Case #226: 15 2 2 2 2 3 5 7 11 1 1 1 1 1 1 1 
Case #227: -1
Case #228: 19 2 2 3 3 3 3 3 5 7 1 1 1 1 1 1 1 1 1 1 
Case #229: -1
Case #230: 15 2 2 2 2 2 2 3 3 3 5 11 1 1 1 1 
Case #231: 25 2 2 2 2 2 2 2 2 2 2 2 2 2 2 3 1 1 1 1 1 1 1 1 1 1 
Case #232: 24 2 2 2 3 5 5 5 1 1 1 1 1 1 1 1 1 1 1 1 1 1 1 1 1 
Case #233: 29 7 7 1 1 1 1 1 1 1 1 1 1 1 1 1 1 1 1 1 1 1 1 1 1 1 1 1 1 1 
Case #234: 25 2 2 2 2 2 2 2 2 5 5 1 1 1 1 1 1 1 1 1 1 1 1 1 1 1 
Case #235: -1
Case #236: 18 2 2 2 5 5 13 1 1 1 1 1 1 1 1 1 1 1 1 
Case #237: 29 2 2 2 2 2 2 2 2 3 3 1 1 1 1 1 1 1 1 1 1 1 1 1 1 1 1 1 1 1 
Case #238: 18 2 3 3 3 5 5 5 5 1 1 1 1 1 1 1 1 1 1 
Case #239: 16 2 3 5 7 13 1 1 1 1 1 1 1 1 1 1 1 
Case #240: -1
Case #241: -1
Case #242: 19 2 2 2 2 2 2 5 7 7 1 1 1 1 1 1 1 1 1 1 
Case #243: 15 2 2 2 2 3 11 11 1 1 1 1 1 1 1 1 
Case #244: 22 2 2 2 3 3 7 7 1 1 1 1 1 1 1 1 1 1 1 1 1 1 1 
Case #245: 25 2 2 3 3 11 1 1 1 1 1 1 1 1 1 1 1 1 1 1 1 1 1 1 1 1 
Case #246: 28 2 2 2 2 2 2 2 3 5 1 1 1 1 1 1 1 1 1 1 1 1 1 1 1 1 1 1 1 
Case #247: 16 2 2 2 2 2 2 2 3 3 3 7 7 1 1 1 1 
Case #248: 29 13 1 1 1 1 1 1 1 1 1 1 1 1 1 1 1 1 1 1 1 1 1 1 1 1 1 1 1 1 
Case #249: 21 2 2 2 2 2 2 2 2 2 2 3 3 3 5 1 1 1 1 1 1 1 
Case #250: 29 3 5 7 1 1 1 1 1 1 1 1 1 1 1 1 1 1 1 1 1 1 1 1 1 1 1 1 1 1 
Case #251: 26 2 3 3 3 3 7 1 1 1 1 1 1 1 1 1 1 1 1 1 1 1 1 1 1 1 1 
Case #252: 20 2 3 3 3 3 7 7 1 1 1 1 1 1 1 1 1 1 1 1 1 
Case #253: 26 2 2 2 2 2 2 2 2 2 2 2 2 2 2 2 1 1 1 1 1 1 1 1 1 1 1 
Case #254: -1
Case #255: 16 2 2 2 3 3 3 3 3 3 5 7 1 1 1 1 1 
Case #256: 27 5 11 1 1 1 1 1 1 1 1 1 1 1 1 1 1 1 1 1 1 1 1 1 1 1 1 1 
Case #257: 18 2 2 2 3 3 3 3 3 3 3 3 3 3 1 1 1 1 1 
Case #258: -1
Case #259: 17 2 2 2 2 2 2 2 2 3 3 3 5 7 1 1 1 1 
Case #260: 25 2 2 2 2 3 3 3 7 1 1 1 1 1 1 1 1 1 1 1 1 1 1 1 1 1 
Case #261: 13 2 2 2 2 3 3 5 5 7 7 1 1 1 
Case #262: 33 2 2 2 2 5 1 1 1 1 1 1 1 1 1 1 1 1 1 1 1 1 1 1 1 1 1 1 1 1 1 1 1 1 
Case #263: 18 2 2 2 3 3 5 7 7 1 1 1 1 1 1 1 1 1 1 
Case #264: 36 6 1 1 1 1 1 1 1 1 1 1 1 1 1 1 1 1 1 1 1 1 1 1 1 1 1 1 1 1 1 1 1 1 1 1 1 
Case #265: 23 2 2 2 2 2 2 5 5 5 1 1 1 1 1 1 1 1 1 1 1 1 1 1 
Case #266: 22 2 2 2 3 3 3 5 7 1 1 1 1 1 1 1 1 1 1 1 1 1 1 
Case #267: -1
Case #268: 17 2 2 3 3 3 3 3 7 7 1 1 1 1 1 1 1 1 
Case #269: 16 2 2 2 2 2 3 3 3 5 5 7 1 1 1 1 1 
Case #270: 13 2 2 2 2 3 3 11 11 1 1 1 1 1 
Case #271: 23 2 2 2 2 2 2 2 2 3 3 3 5 1 1 1 1 1 1 1 1 1 1 1 
Case #272: 17 2 2 2 2 3 7 7 7 1 1 1 1 1 1 1 1 1 
Case #273: 26 2 2 2 2 2 3 5 5 1 1 1 1 1 1 1 1 1 1 1 1 1 1 1 1 1 1 
Case #274: 15 2 2 2 2 2 2 2 2 3 3 5 11 1 1 1 
Case #275: 14 2 2 2 2 2 3 5 5 13 1 1 1 1 1 
Case #276: 21 2 2 2 2 3 3 5 5 5 1 1 1 1 1 1 1 1 1 1 1 1 
Case #277: 6 2 17 19 1 1 1 
Case #278: 17 2 2 3 5 5 7 7 1 1 1 1 1 1 1 1 1 1 
Case #279: 11 2 2 2 2 3 5 5 5 13 1 1 
Case #280: 20 2 2 2 2 2 2 2 3 3 11 1 1 1 1 1 1 1 1 1 1 
Case #281: 20 2 3 3 3 3 3 11 1 1 1 1 1 1 1 1 1 1 1 1 1 
Case #282: 13 2 2 2 2 2 2 3 11 11 1 1 1 1 
Case #283: -1
Case #284: 15 2 2 2 2 2 2 3 5 5 5 7 1 1 1 1 
Case #285: 11 31 1 1 1 1 1 1 1 1 1 1 
Case #286: 18 2 2 2 3 3 3 3 7 7 1 1 1 1 1 1 1 1 1 
Case #287: 15 2 2 2 2 2 2 2 2 3 17 1 1 1 1 1 
Case #288: -1
Case #289: -1
Case #290: 17 2 2 2 2 2 2 2 2 2 2 5 5 7 1 1 1 1 
Case #291: -1
Case #292: 17 2 2 7 7 11 1 1 1 1 1 1 1 1 1 1 1 1 
Case #293: -1
Case #294: 27 2 2 13 1 1 1 1 1 1 1 1 1 1 1 1 1 1 1 1 1 1 1 1 1 1 1 1 
Case #295: 15 2 2 2 2 2 2 2 2 3 5 13 1 1 1 1 
Case #296: -1
Case #297: 16 2 2 2 2 2 3 3 3 3 3 11 1 1 1 1 1 
Case #298: 19 2 2 2 2 3 3 3 13 1 1 1 1 1 1 1 1 1 1 1 
Case #299: 13 2 2 2 2 2 2 3 5 17 1 1 1 1 
Case #300: 34 8 1 1 1 1 1 1 1 1 1 1 1 1 1 1 1 1 1 1 1 1 1 1 1 1 1 1 1 1 1 1 1 1 1 
Case #301: -1
Case #302: 32 2 3 3 5 1 1 1 1 1 1 1 1 1 1 1 1 1 1 1 1 1 1 1 1 1 1 1 1 1 1 1 1 
Case #303: -1
Case #304: 25 2 2 2 2 5 5 5 1 1 1 1 1 1 1 1 1 1 1 1 1 1 1 1 1 1 
Case #305: 28 2 3 11 1 1 1 1 1 1 1 1 1 1 1 1 1 1 1 1 1 1 1 1 1 1 1 1 1 
Case #306: 24 2 2 2 2 2 2 2 3 3 3 5 1 1 1 1 1 1 1 1 1 1 1 1 1 
Case #307: 18 2 2 2 2 2 2 2 3 3 3 11 1 1 1 1 1 1 1 
Case #308: -1
Case #309: 26 2 5 11 1 1 1 1 1 1 1 1 1 1 1 1 1 1 1 1 1 1 1 1 1 1 1 
Case #310: 18 2 2 2 2 2 3 3 5 11 1 1 1 1 1 1 1 1 1 
Case #311: 16 2 2 2 2 2 2 2 2 2 3 5 11 1 1 1 1 
Case #312: 31 3 3 3 5 1 1 1 1 1 1 1 1 1 1 1 1 1 1 1 1 1 1 1 1 1 1 1 1 1 1 1 
Case #313: -1
Case #314: -1
Case #315: 34 2 2 2 2 2 3 1 1 1 1 1 1 1 1 1 1 1 1 1 1 1 1 1 1 1 1 1 1 1 1 1 1 1 1 
Case #316: 12 2 2 2 2 2 3 5 5 5 11 1 1 
Case #317: -1
Case #318: 17 2 2 2 2 2 2 3 3 3 3 11 1 1 1 1 1 1 
Case #319: -1
Case #320: 14 2 2 2 2 2 2 2 5 7 11 1 1 1 1 
Case #321: 20 2 2 2 3 3 5 11 1 1 1 1 1 1 1 1 1 1 1 1 1 
Case #322: 34 2 2 2 3 3 1 1 1 1 1 1 1 1 1 1 1 1 1 1 1 1 1 1 1 1 1 1 1 1 1 1 1 1 1 
Case #323: 15 2 2 2 2 3 5 5 5 5 5 1 1 1 1 1 
Case #324: 14 2 2 2 2 2 2 2 3 3 7 11 1 1 1 
Case #325: 14 2 2 2 3 3 3 3 5 13 1 1 1 1 1 
Case #326: 15 2 2 2 2 2 2 3 5 5 11 1 1 1 1 1 
Case #327: -1
Case #328: 25 2 2 2 2 3 5 7 1 1 1 1 1 1 1 1 1 1 1 1 1 1 1 1 1 1 
Case #329: -1
Case #330: 14 2 2 2 2 2 3 3 3 7 11 1 1 1 1 
Case #331: -1
Case #332: 20 2 5 17 1 1 1 1 1 1 1 1 1 1 1 1 1 1 1 1 1 
Case #333: 20 2 2 2 2 2 2 2 3 3 3 3 3 3 3 1 1 1 1 1 1 
Case #334: -1
Case #335: 20 2 2 2 3 3 3 3 5 7 1 1 1 1 1 1 1 1 1 1 1 
Case #336: 14 2 2 2 3 3 3 3 7 11 1 1 1 1 1 
Case #337: 20 2 3 3 7 11 1 1 1 1 1 1 1 1 1 1 1 1 1 1 1 
Case #338: 20 2 2 2 3 3 3 3 11 1 1 1 1 1 1 1 1 1 1 1 1 
Case #339: 13 7 11 13 1 1 1 1 1 1 1 1 1 1 
Case #340: 14 2 2 2 5 5 7 11 1 1 1 1 1 1 1 
Case #341: -1
Case #342: 18 2 2 2 2 2 2 2 2 2 2 2 5 5 5 1 1 1 1 
Case #343: 22 2 2 2 2 2 2 2 3 3 3 7 1 1 1 1 1 1 1 1 1 1 1 
Case #344: 12 2 2 2 3 5 5 5 5 5 5 1 1 
Case #345: 13 2 2 3 3 5 7 13 1 1 1 1 1 1 
Case #346: 22 2 2 2 2 2 2 2 2 2 3 3 7 1 1 1 1 1 1 1 1 1 1 
Case #347: 21 2 2 2 2 2 2 3 7 7 1 1 1 1 1 1 1 1 1 1 1 1 
Case #348: 21 2 2 2 2 3 3 7 7 1 1 1 1 1 1 1 1 1 1 1 1 1 
Case #349: -1
Case #350: 10 2 3 3 5 11 13 1 1 1 1 
Case #351: 23 2 2 2 2 2 2 2 2 2 2 3 3 5 1 1 1 1 1 1 1 1 1 1 
Case #352: -1
Case #353: -1
Case #354: -1
Case #355: 17 2 2 2 2 2 2 3 17 1 1 1 1 1 1 1 1 1 
Case #356: 16 2 2 2 3 3 3 3 5 11 1 1 1 1 1 1 1 
Case #357: 16 2 2 2 3 3 3 3 3 7 7 1 1 1 1 1 1 
Case #358: 18 2 2 2 2 2 3 3 3 3 5 7 1 1 1 1 1 1 1 
Case #359: 8 2 2 2 3 11 19 1 1 
Case #360: 23 3 3 3 5 5 5 1 1 1 1 1 1 1 1 1 1 1 1 1 1 1 1 1 
Case #361: 22 2 3 3 3 5 5 5 1 1 1 1 1 1 1 1 1 1 1 1 1 1 1 
Case #362: 19 7 17 1 1 1 1 1 1 1 1 1 1 1 1 1 1 1 1 1 
Case #363: 12 2 3 3 3 3 5 5 7 7 1 1 1 
Case #364: 15 2 2 2 2 2 2 3 3 5 13 1 1 1 1 1 
Case #365: -1
Case #366: 14 2 2 2 2 2 3 3 3 17 1 1 1 1 1 
Case #367: 11 2 2 2 2 3 7 7 7 7 1 1 
Case #368: 15 2 2 3 3 3 3 3 3 3 11 1 1 1 1 1 
Case #369: -1
Case #370: 21 2 2 2 2 2 2 3 3 3 3 3 5 1 1 1 1 1 1 1 1 1 
Case #371: 11 2 2 2 2 2 2 3 5 19 1 1 
Case #372: 10 2 31 1 1 1 1 1 1 1 1 
Case #373: 20 2 2 2 3 3 3 3 3 3 3 3 3 1 1 1 1 1 1 1 1 
Case #374: -1
Case #375: 21 2 2 19 1 1 1 1 1 1 1 1 1 1 1 1 1 1 1 1 1 1 
Case #376: 18 2 2 2 3 3 3 3 13 1 1 1 1 1 1 1 1 1 1 
Case #377: 10 2 2 2 3 5 7 7 11 1 1 
Case #378: -1
Case #379: 18 24 1 1 1 1 1 1 1 1 1 1 1 1 1 1 1 1 1 
Case #380: -1
Case #381: -1
Case #382: 23 7 13 1 1 1 1 1 1 1 1 1 1 1 1 1 1 1 1 1 1 1 1 1 
Case #383: 17 2 2 3 3 3 3 3 3 3 3 3 5 1 1 1 1 1 
Case #384: 7 5 7 7 19 1 1 1 
Case #385: 27 3 3 3 3 3 5 1 1 1 1 1 1 1 1 1 1 1 1 1 1 1 1 1 1 1 1 1 
Case #386: 21 3 19 1 1 1 1 1 1 1 1 1 1 1 1 1 1 1 1 1 1 1 
Case #387: -1
Case #388: 25 2 2 2 2 2 2 3 3 7 1 1 1 1 1 1 1 1 1 1 1 1 1 1 1 1 
Case #389: 13 2 2 2 2 3 5 19 1 1 1 1 1 1 
Case #390: 23 2 2 2 2 3 3 11 1 1 1 1 1 1 1 1 1 1 1 1 1 1 1 1 
Case #391: 16 2 2 2 3 3 3 5 13 1 1 1 1 1 1 1 1 
Case #392: 18 2 2 2 3 3 3 3 3 5 7 1 1 1 1 1 1 1 1 
Case #393: -1
Case #394: 18 2 3 3 5 5 5 7 1 1 1 1 1 1 1 1 1 1 1 
Case #395: 17 2 2 3 3 3 3 3 3 5 7 1 1 1 1 1 1 1 
Case #396: 20 2 2 2 2 2 2 2 2 2 2 2 3 3 3 5 1 1 1 1 1 
Case #397: 31 2 2 2 2 2 2 2 2 3 1 1 1 1 1 1 1 1 1 1 1 1 1 1 1 1 1 1 1 1 1 1 
Case #398: 16 2 2 2 5 5 5 11 1 1 1 1 1 1 1 1 1 
Case #399: -1
Case #400: 23 2 2 2 2 2 2 2 2 3 3 3 3 3 1 1 1 1 1 1 1 1 1 1 
Case #401: 16 2 2 2 2 2 2 2 3 5 7 7 1 1 1 1 1 
Case #402: 16 2 3 3 3 3 3 5 5 7 1 1 1 1 1 1 1 
Case #403: 13 2 2 3 3 3 5 7 11 1 1 1 1 1 
Case #404: 21 2 2 2 2 2 2 3 3 3 5 5 1 1 1 1 1 1 1 1 1 1 
Case #405: 16 2 2 2 3 5 7 11 1 1 1 1 1 1 1 1 1 
Case #406: 10 2 3 3 5 5 19 1 1 1 1 
Case #407: 21 2 2 2 2 3 3 3 3 3 7 1 1 1 1 1 1 1 1 1 1 1 
Case #408: 22 2 2 2 2 2 2 2 3 5 7 1 1 1 1 1 1 1 1 1 1 1 1 
Case #409: 22 2 2 2 3 3 5 5 5 1 1 1 1 1 1 1 1 1 1 1 1 1 1 
Case #410: 27 3 3 3 3 7 1 1 1 1 1 1 1 1 1 1 1 1 1 1 1 1 1 1 1 1 1 1 
Case #411: 25 17 1 1 1 1 1 1 1 1 1 1 1 1 1 1 1 1 1 1 1 1 1 1 1 1 
Case #412: 22 2 2 2 2 2 2 2 2 2 2 2 3 3 5 1 1 1 1 1 1 1 1 
Case #413: 19 2 2 2 2 3 5 13 1 1 1 1 1 1 1 1 1 1 1 1 
Case #414: 26 2 2 2 2 2 2 2 2 2 2 2 2 2 3 1 1 1 1 1 1 1 1 1 1 1 1 
Case #415: 22 2 2 2 2 2 2 2 2 2 3 3 3 3 3 1 1 1 1 1 1 1 1 
Case #416: 21 3 3 5 5 5 5 1 1 1 1 1 1 1 1 1 1 1 1 1 1 1 
Case #417: 11 2 2 3 3 7 19 1 1 1 1 1 
Case #418: -1
Case #419: 9 33 1 1 1 1 1 1 1 1 
Case #420: 28 2 2 2 2 2 2 2 3 3 3 1 1 1 1 1 1 1 1 1 1 1 1 1 1 1 1 1 1 
Case #421: -1
Case #422: 13 2 2 3 3 3 5 5 7 7 1 1 1 1 
Case #423: -1
Case #424: 25 2 2 2 2 3 3 3 3 5 1 1 1 1 1 1 1 1 1 1 1 1 1 1 1 1 
Case #425: 27 2 2 2 2 2 2 5 5 1 1 1 1 1 1 1 1 1 1 1 1 1 1 1 1 1 1 1 
Case #426: 25 2 2 3 3 3 3 3 3 3 1 1 1 1 1 1 1 1 1 1 1 1 1 1 1 1 
Case #427: 17 2 2 2 2 2 2 3 3 3 5 5 5 1 1 1 1 1 
Case #428: 16 2 2 2 3 3 5 5 5 7 1 1 1 1 1 1 1 
Case #429: 19 2 2 3 3 3 3 3 3 3 3 5 1 1 1 1 1 1 1 1 
Case #430: 26 2 2 2 2 2 3 3 7 1 1 1 1 1 1 1 1 1 1 1 1 1 1 1 1 1 1 
Case #431: -1
Case #432: 26 2 2 2 2 2 2 2 3 7 1 1 1 1 1 1 1 1 1 1 1 1 1 1 1 1 1 
Case #433: -1
Case #434: 23 2 2 2 2 2 2 2 2 2 2 5 5 1 1 1 1 1 1 1 1 1 1 1 
Case #435: 26 2 3 13 1 1 1 1 1 1 1 1 1 1 1 1 1 1 1 1 1 1 1 1 1 1 1 
Case #436: 15 2 2 2 2 3 3 3 3 5 5 7 1 1 1 1 
Case #437: 29 3 3 3 7 1 1 1 1 1 1 1 1 1 1 1 1 1 1 1 1 1 1 1 1 1 1 1 1 1 
Case #438: 20 2 2 2 2 2 5 5 5 5 1 1 1 1 1 1 1 1 1 1 1 
Case #439: 23 3 3 3 7 7 1 1 1 1 1 1 1 1 1 1 1 1 1 1 1 1 1 1 
Case #440: 21 2 2 2 2 2 2 2 2 2 2 2 2 2 2 2 2 2 2 2 2 1 
Case #441: 20 2 2 2 3 3 3 3 3 5 5 1 1 1 1 1 1 1 1 1 1 
Case #442: 16 2 2 2 2 2 2 2 5 5 5 7 1 1 1 1 1 
Case #443: 19 2 2 2 2 2 2 2 2 3 3 3 3 3 5 1 1 1 1 1 
Case #444: 20 2 2 2 2 2 2 2 2 2 2 2 2 2 2 2 3 5 1 1 1 
Case #445: 16 2 2 2 2 2 3 3 7 11 1 1 1 1 1 1 1 
Case #446: 20 2 2 2 2 2 2 2 3 5 5 5 1 1 1 1 1 1 1 1 1 
Case #447: 10 2 3 3 3 5 11 11 1 1 1 
Case #448: 16 2 2 2 2 2 3 3 17 1 1 1 1 1 1 1 1 
Case #449: -1
Case #450: 6 2 3 5 7 11 13 
Case #451: 21 2 2 2 2 3 3 3 5 7 1 1 1 1 1 1 1 1 1 1 1 1 
Case #452: -1
Case #453: 23 2 2 2 2 2 2 2 2 2 2 2 2 3 3 3 1 1 1 1 1 1 1 1 
Case #454: 4 38 1 1 1 
Case #455: 12 2 3 3 3 3 3 5 5 11 1 1 1 
Case #456: 7 35 1 1 1 1 1 1 
Case #457: 19 2 2 2 2 3 3 3 3 3 3 3 3 3 1 1 1 1 1 1 
Case #458: -1
Case #459: 25 2 2 2 2 3 3 5 5 1 1 1 1 1 1 1 1 1 1 1 1 1 1 1 1 1 
Case #460: 24 2 2 2 2 2 2 2 3 3 7 1 1 1 1 1 1 1 1 1 1 1 1 1 1 
Case #461: 20 2 2 2 2 2 2 2 3 7 7 1 1 1 1 1 1 1 1 1 1 
Case #462: 21 21 1 1 1 1 1 1 1 1 1 1 1 1 1 1 1 1 1 1 1 1 
Case #463: 20 2 2 2 2 2 3 5 5 7 1 1 1 1 1 1 1 1 1 1 1 
Case #464: -1
Case #465: 15 2 2 2 2 2 2 2 2 3 5 5 5 5 1 1 
Case #466: 19 2 2 2 2 3 3 3 3 11 1 1 1 1 1 1 1 1 1 1 
Case #467: 19 3 3 3 3 3 3 3 3 3 5 1 1 1 1 1 1 1 1 1 
Case #468: 22 2 2 2 2 2 3 3 3 3 3 3 3 1 1 1 1 1 1 1 1 1 1 
Case #469: 16 2 2 2 2 2 2 2 2 2 2 2 3 7 7 1 1 
Case #470: 18 2 2 2 2 2 2 2 2 2 3 3 5 7 1 1 1 1 1 
Case #471: 21 2 2 2 2 5 5 5 5 1 1 1 1 1 1 1 1 1 1 1 1 1 
Case #472: 15 2 2 3 3 3 3 3 3 7 7 1 1 1 1 1 
Case #473: -1
Case #474: -1
Case #475: -1
Case #476: 14 2 2 2 2 2 3 5 5 5 5 5 1 1 1 
Case #477: 15 2 2 2 2 2 2 5 5 5 5 5 1 1 1 1 
Case #478: 12 30 1 1 1 1 1 1 1 1 1 1 1 
Case #479: 18 2 2 2 2 2 3 7 11 1 1 1 1 1 1 1 1 1 1 
Case #480: 27 2 2 2 2 3 3 3 5 1 1 1 1 1 1 1 1 1 1 1 1 1 1 1 1 1 1 1 
Case #481: 29 2 2 11 1 1 1 1 1 1 1 1 1 1 1 1 1 1 1 1 1 1 1 1 1 1 1 1 1 1 
Case #482: 10 2 2 2 3 11 17 1 1 1 1 
Case #483: 12 2 2 2 2 2 3 3 5 17 1 1 1 
Case #484: 18 2 2 2 2 2 2 2 3 3 3 3 3 7 1 1 1 1 1 
Case #485: 10 2 2 2 2 2 3 13 13 1 1 
Case #486: 21 2 2 2 2 2 2 2 2 3 5 7 1 1 1 1 1 1 1 1 1 1 
Case #487: 23 2 2 2 2 2 2 3 3 3 7 1 1 1 1 1 1 1 1 1 1 1 1 1 
Case #488: 19 2 2 3 3 3 3 3 3 5 5 1 1 1 1 1 1 1 1 1 
Case #489: 26 2 2 2 2 2 3 3 3 5 1 1 1 1 1 1 1 1 1 1 1 1 1 1 1 1 1 
Case #490: 16 2 2 2 2 2 3 5 5 5 7 1 1 1 1 1 1 
Case #491: 29 5 5 5 1 1 1 1 1 1 1 1 1 1 1 1 1 1 1 1 1 1 1 1 1 1 1 1 1 1 
Case #492: 31 2 2 2 2 2 2 3 3 1 1 1 1 1 1 1 1 1 1 1 1 1 1 1 1 1 1 1 1 1 1 1 
Case #493: 28 2 2 2 2 2 2 2 2 2 2 2 3 1 1 1 1 1 1 1 1 1 1 1 1 1 1 1 1 
Case #494: -1
Case #495: 12 2 2 2 3 3 3 5 5 13 1 1 1 
Case #496: 23 2 2 2 2 3 3 3 3 3 5 1 1 1 1 1 1 1 1 1 1 1 1 1 
Case #497: 17 2 2 2 2 2 2 2 2 2 2 3 7 7 1 1 1 1 
Case #498: -1
Case #499: 21 2 2 3 3 5 5 7 1 1 1 1 1 1 1 1 1 1 1 1 1 1 
Case #500: -1
Case #501: 38 4 1 1 1 1 1 1 1 1 1 1 1 1 1 1 1 1 1 1 1 1 1 1 1 1 1 1 1 1 1 1 1 1 1 1 1 1 1 
Case #502: -1
Case #503: 21 2 2 2 2 2 2 2 2 2 2 2 2 2 2 2 2 2 2 3 1 1 
Case #504: 37 5 1 1 1 1 1 1 1 1 1 1 1 1 1 1 1 1 1 1 1 1 1 1 1 1 1 1 1 1 1 1 1 1 1 1 1 1 
Case #505: -1
Case #506: -1
Case #507: 14 2 3 3 3 5 5 13 1 1 1 1 1 1 1 
Case #508: -1
Case #509: 24 2 3 3 3 3 3 3 5 1 1 1 1 1 1 1 1 1 1 1 1 1 1 1 1 
Case #510: 17 2 2 3 3 3 3 3 3 11 1 1 1 1 1 1 1 1 
Case #511: 20 2 2 2 3 3 3 3 3 3 7 1 1 1 1 1 1 1 1 1 1 
Case #512: -1
Case #513: -1
Case #514: 17 2 2 2 2 2 2 7 13 1 1 1 1 1 1 1 1 1 
Case #515: 22 2 2 2 2 2 5 5 7 1 1 1 1 1 1 1 1 1 1 1 1 1 1 
Case #516: 27 2 2 2 2 2 2 3 3 5 1 1 1 1 1 1 1 1 1 1 1 1 1 1 1 1 1 1 
Case #517: 13 2 2 5 5 7 13 1 1 1 1 1 1 1 
Case #518: 16 2 3 3 5 7 11 1 1 1 1 1 1 1 1 1 1 
Case #519: 17 2 2 3 5 7 11 1 1 1 1 1 1 1 1 1 1 1 
Case #520: -1
Case #521: 16 2 2 2 2 2 3 3 3 3 3 3 5 5 1 1 1 
Case #522: 15 2 2 2 2 7 17 1 1 1 1 1 1 1 1 1 
Case #523: 14 2 2 2 3 3 3 3 5 5 5 5 1 1 1 
Case #524: 9 3 31 1 1 1 1 1 1 1 
Case #525: -1
Case #526: 19 2 2 2 2 3 3 3 3 3 3 7 1 1 1 1 1 1 1 1 
Case #527: 22 2 3 17 1 1 1 1 1 1 1 1 1 1 1 1 1 1 1 1 1 1 1 
Case #528: 21 2 2 2 2 2 2 2 2 2 2 2 2 2 2 7 1 1 1 1 1 1 
Case #529: 30 2 2 2 2 2 7 1 1 1 1 1 1 1 1 1 1 1 1 1 1 1 1 1 1 1 1 1 1 1 1 
Case #530: 22 2 2 2 2 2 3 3 3 3 3 5 1 1 1 1 1 1 1 1 1 1 1 
Case #531: 14 2 2 2 2 2 2 2 3 7 13 1 1 1 1 
Case #532: -1
Case #533: -1
Case #534: 10 32 1 1 1 1 1 1 1 1 1 
Case #535: 21 2 2 2 2 2 2 2 2 2 2 2 2 3 3 3 3 1 1 1 1 1 
Case #536: 20 2 2 2 2 2 3 3 3 3 3 3 5 1 1 1 1 1 1 1 1 
Case #537: 21 2 2 2 2 2 2 2 2 3 3 3 7 1 1 1 1 1 1 1 1 1 
Case #538: -1
Case #539: 19 2 2 2 2 3 3 3 5 5 5 1 1 1 1 1 1 1 1 1 
Case #540: 25 2 2 5 5 7 1 1 1 1 1 1 1 1 1 1 1 1 1 1 1 1 1 1 1 1 
Case #541: -1
Case #542: 21 2 2 2 2 3 3 3 3 3 3 3 3 1 1 1 1 1 1 1 1 1 
Case #543: 26 2 2 2 2 2 2 2 2 2 7 1 1 1 1 1 1 1 1 1 1 1 1 1 1 1 1 
Case #544: 3 3 37 1 
Case #545: 25 3 3 7 7 1 1 1 1 1 1 1 1 1 1 1 1 1 1 1 1 1 1 1 1 1 
Case #546: 25 2 2 3 3 3 3 7 1 1 1 1 1 1 1 1 1 1 1 1 1 1 1 1 1 1 
Case #547: 25 3 3 3 3 5 5 1 1 1 1 1 1 1 1 1 1 1 1 1 1 1 1 1 1 1 
Case #548: -1
Case #549: -1
Case #550: 21 2 2 2 2 3 5 5 7 1 1 1 1 1 1 1 1 1 1 1 1 1 
Case #551: 20 2 2 2 2 2 2 2 3 3 5 7 1 1 1 1 1 1 1 1 1 
Case #552: 15 2 2 2 2 5 5 5 5 7 1 1 1 1 1 1 
Case #553: 22 2 2 2 3 3 3 11 1 1 1 1 1 1 1 1 1 1 1 1 1 1 1 
Case #554: 18 2 2 2 3 3 3 5 5 7 1 1 1 1 1 1 1 1 1 
Case #555: 17 2 2 2 2 3 3 3 3 3 11 1 1 1 1 1 1 1 
Case #556: -1
Case #557: 20 2 2 2 2 2 3 5 11 1 1 1 1 1 1 1 1 1 1 1 1 
Case #558: 5 37 1 1 1 1 
Case #559: 28 2 3 3 3 3 5 1 1 1 1 1 1 1 1 1 1 1 1 1 1 1 1 1 1 1 1 1 1 
Case #560: 17 2 2 2 2 2 2 3 5 7 7 1 1 1 1 1 1 1 
Case #561: 17 2 2 2 2 3 3 3 3 7 7 1 1 1 1 1 1 1 
Case #562: 32 2 2 2 2 2 3 3 1 1 1 1 1 1 1 1 1 1 1 1 1 1 1 1 1 1 1 1 1 1 1 1 1 
Case #563: 14 2 2 2 2 2 2 2 3 3 5 13 1 1 1 
Case #564: 19 2 2 2 2 2 2 2 2 2 2 3 11 1 1 1 1 1 1 1 
Case #565: 11 2 2 2 2 3 3 23 1 1 1 1 
Case #566: 34 2 3 3 3 1 1 1 1 1 1 1 1 1 1 1 1 1 1 1 1 1 1 1 1 1 1 1 1 1 1 1 1 1 1 
Case #567: 20 2 3 7 13 1 1 1 1 1 1 1 1 1 1 1 1 1 1 1 1 
Case #568: 14 2 3 3 3 3 3 3 3 3 5 7 1 1 1 
Case #569: 14 2 2 2 2 2 2 2 3 5 5 11 1 1 1 
Case #570: 33 2 2 3 3 3 1 1 1 1 1 1 1 1 1 1 1 1 1 1 1 1 1 1 1 1 1 1 1 1 1 1 1 1 
Case #571: 17 2 2 2 2 3 5 5 5 7 1 1 1 1 1 1 1 1 
Case #572: 19 2 2 2 2 2 2 2 2 2 2 3 3 3 7 1 1 1 1 1 
Case #573: 13 2 2 2 2 3 3 3 5 5 11 1 1 1 
Case #574: -1
Case #575: 22 2 2 2 2 2 2 2 2 2 2 2 3 3 3 3 1 1 1 1 1 1 1 
Case #576: 20 2 2 2 2 2 2 2 2 2 2 2 3 3 7 1 1 1 1 1 1 
Case #577: 27 15 1 1 1 1 1 1 1 1 1 1 1 1 1 1 1 1 1 1 1 1 1 1 1 1 1 1 
Case #578: -1
Case #579: 13 2 2 3 3 3 3 3 17 1 1 1 1 1 
Case #580: 30 2 2 2 2 2 3 3 3 1 1 1 1 1 1 1 1 1 1 1 1 1 1 1 1 1 1 1 1 1 1 
Case #581: 22 2 3 3 3 3 3 5 5 1 1 1 1 1 1 1 1 1 1 1 1 1 1 
Case #582: 22 2 2 2 2 2 3 7 7 1 1 1 1 1 1 1 1 1 1 1 1 1 1 
Case #583: 18 2 2 2 2 2 3 3 3 3 3 3 7 1 1 1 1 1 1 
Case #584: 33 3 3 5 1 1 1 1 1 1 1 1 1 1 1 1 1 1 1 1 1 1 1 1 1 1 1 1 1 1 1 1 1 1 
Case #585: 23 2 2 3 3 3 3 5 5 1 1 1 1 1 1 1 1 1 1 1 1 1 1 1 
Case #586: -1
Case #587: 20 2 2 2 2 2 2 2 2 2 3 3 5 5 1 1 1 1 1 1 1 
Case #588: -1
Case #589: 25 2 2 3 3 5 7 1 1 1 1 1 1 1 1 1 1 1 1 1 1 1 1 1 1 1 
Case #590: 17 2 2 2 2 2 2 2 2 3 3 13 1 1 1 1 1 1 
Case #591: 25 2 2 2 2 2 2 2 2 3 3 3 3 1 1 1 1 1 1 1 1 1 1 1 1 1 
Case #592: 22 2 2 2 5 7 7 1 1 1 1 1 1 1 1 1 1 1 1 1 1 1 1 
Case #593: 17 2 2 2 2 3 3 3 3 3 3 5 5 1 1 1 1 1 
Case #594: 12 2 2 2 2 2 3 5 7 7 7 1 1 
Case #595: 34 2 2 2 2 2 2 2 1 1 1 1 1 1 1 1 1 1 1 1 1 1 1 1 1 1 1 1 1 1 1 1 1 1 1 
Case #596: 19 2 2 2 2 3 3 5 11 1 1 1 1 1 1 1 1 1 1 1 
Case #597: 13 2 2 3 3 3 3 5 5 11 1 1 1 1 
Case #598: -1
Case #599: 27 2 2 3 5 7 1 1 1 1 1 1 1 1 1 1 1 1 1 1 1 1 1 1 1 1 1 1 
Case #600: 21 2 2 2 2 3 5 11 1 1 1 1 1 1 1 1 1 1 1 1 1 1 
Case #601: 20 2 2 2 2 2 2 2 2 2 3 5 7 1 1 1 1 1 1 1 1 
Case #602: 30 2 5 7 1 1 1 1 1 1 1 1 1 1 1 1 1 1 1 1 1 1 1 1 1 1 1 1 1 1 1 
Case #603: 19 5 19 1 1 1 1 1 1 1 1 1 1 1 1 1 1 1 1 1 
Case #604: 18 2 2 2 2 2 2 2 5 13 1 1 1 1 1 1 1 1 1 
Case #605: 18 2 2 2 2 2 3 3 3 13 1 1 1 1 1 1 1 1 1 
Case #606: 17 2 2 2 2 2 2 2 2 3 3 5 5 5 1 1 1 1 
Case #607: 22 2 2 2 2 2 3 3 3 5 5 1 1 1 1 1 1 1 1 1 1 1 1 
Case #608: 22 2 2 2 2 2 2 2 2 2 2 2 2 2 2 2 2 2 3 1 1 1 1 
Case #609: 17 2 2 2 2 2 2 2 2 3 3 3 11 1 1 1 1 1 
Case #610: 18 2 2 2 2 2 2 2 3 3 5 5 5 1 1 1 1 1 1 
Case #611: -1
Case #612: 13 2 2 2 2 3 3 5 17 1 1 1 1 1 
Case #613: -1
Case #614: 35 7 1 1 1 1 1 1 1 1 1 1 1 1 1 1 1 1 1 1 1 1 1 1 1 1 1 1 1 1 1 1 1 1 1 1 
Case #615: 22 2 2 2 3 3 3 3 3 3 5 1 1 1 1 1 1 1 1 1 1 1 1 
Case #616: 13 5 7 19 1 1 1 1 1 1 1 1 1 1 
Case #617: 20 2 2 2 2 2 2 2 2 2 3 3 3 3 5 1 1 1 1 1 1 
Case #618: 17 25 1 1 1 1 1 1 1 1 1 1 1 1 1 1 1 1 
Case #619: 40 2 1 1 1 1 1 1 1 1 1 1 1 1 1 1 1 1 1 1 1 1 1 1 1 1 1 1 1 1 1 1 1 1 1 1 1 1 1 1 1 
Case #620: 23 2 2 2 2 3 3 5 7 1 1 1 1 1 1 1 1 1 1 1 1 1 1 1 
Case #621: -1
Case #622: 13 2 2 2 2 3 5 7 13 1 1 1 1 1 
Case #623: -1
Case #624: 18 2 2 2 2 2 2 2 2 2 3 3 11 1 1 1 1 1 1 
Case #625: 23 2 2 2 2 2 2 2 2 3 3 7 1 1 1 1 1 1 1 1 1 1 1 1 
Case #626: 16 2 2 2 2 2 3 3 3 3 5 5 5 1 1 1 1 
Case #627: 19 2 2 2 2 2 2 3 3 3 11 1 1 1 1 1 1 1 1 1 
Case #628: 15 2 2 2 2 5 19 1 1 1 1 1 1 1 1 1 
Case #629: 14 2 2 2 3 3 3 5 5 11 1 1 1 1 1 
Case #630: 23 2 2 2 2 2 2 2 2 2 2 3 3 3 3 1 1 1 1 1 1 1 1 1 
Case #631: 17 2 2 3 3 3 5 7 7 1 1 1 1 1 1 1 1 1 
Case #632: 14 2 2 2 3 5 5 5 5 7 1 1 1 1 1 
Case #633: 31 2 2 3 7 1 1 1 1 1 1 1 1 1 1 1 1 1 1 1 1 1 1 1 1 1 1 1 1 1 1 1 
Case #634: 17 2 2 2 2 2 2 3 3 3 3 3 5 5 1 1 1 1 
Case #635: 21 2 2 2 2 2 2 2 2 2 2 2 2 3 3 5 1 1 1 1 1 1 
Case #636: 26 2 2 2 3 3 5 5 1 1 1 1 1 1 1 1 1 1 1 1 1 1 1 1 1 1 1 
Case #637: -1
Case #638: -1
Case #639: -1
Case #640: 24 2 2 2 2 2 5 5 5 1 1 1 1 1 1 1 1 1 1 1 1 1 1 1 1 
Case #641: 24 2 3 3 3 5 7 1 1 1 1 1 1 1 1 1 1 1 1 1 1 1 1 1 1 
Case #642: 17 2 2 3 3 3 5 5 5 5 1 1 1 1 1 1 1 1 
Case #643: -1
Case #644: 20 2 2 2 2 2 2 2 2 2 2 2 2 2 3 3 5 1 1 1 1 
Case #645: 20 2 2 2 2 2 3 3 3 11 1 1 1 1 1 1 1 1 1 1 1 
Case #646: 26 2 2 2 2 2 2 2 2 2 2 2 3 3 1 1 1 1 1 1 1 1 1 1 1 1 1 
Case #647: 26 2 2 2 2 2 2 2 2 2 2 2 5 1 1 1 1 1 1 1 1 1 1 1 1 1 1 
Case #648: 16 2 3 3 3 3 3 3 5 5 5 1 1 1 1 1 1 
Case #649: 23 2 2 2 2 2 2 3 3 3 3 5 1 1 1 1 1 1 1 1 1 1 1 1 
Case #650: -1
Case #651: 26 2 2 2 2 2 2 2 2 2 3 5 1 1 1 1 1 1 1 1 1 1 1 1 1 1 1 
Case #652: 17 2 2 2 2 3 3 3 5 11 1 1 1 1 1 1 1 1 
Case #653: -1
Case #654: 8 2 2 2 3 29 1 1 1 
Case #655: -1
Case #656: 19 2 2 2 2 2 2 2 2 2 2 3 5 7 1 1 1 1 1 1 
Case #657: 31 11 1 1 1 1 1 1 1 1 1 1 1 1 1 1 1 1 1 1 1 1 1 1 1 1 1 1 1 1 1 1 
Case #658: 26 2 3 3 3 3 3 3 3 1 1 1 1 1 1 1 1 1 1 1 1 1 1 1 1 1 1 
Case #659: 16 2 3 3 3 3 5 5 5 5 1 1 1 1 1 1 1 
Case #660: 15 2 2 2 2 2 2 3 3 5 5 5 5 1 1 1 
Case #661: 18 2 2 2 2 2 2 2 2 2 5 5 7 1 1 1 1 1 1 
Case #662: 12 2 2 2 2 2 3 3 11 11 1 1 1 
Case #663: 17 2 2 3 3 3 3 3 5 5 5 1 1 1 1 1 1 1 
Case #664: 19 2 2 3 3 5 13 1 1 1 1 1 1 1 1 1 1 1 1 1 
Case #665: -1
Case #666: 10 2 3 3 5 7 7 11 1 1 1 
Case #667: 33 9 1 1 1 1 1 1 1 1 1 1 1 1 1 1 1 1 1 1 1 1 1 1 1 1 1 1 1 1 1 1 1 1 
Case #668: 32 2 2 2 3 5 1 1 1 1 1 1 1 1 1 1 1 1 1 1 1 1 1 1 1 1 1 1 1 1 1 1 1 
Case #669: 14 2 2 2 5 5 5 7 7 1 1 1 1 1 1 
Case #670: 12 2 3 3 5 5 5 13 1 1 1 1 1 
Case #671: -1
Case #672: -1
Case #673: 11 3 29 1 1 1 1 1 1 1 1 1 
Case #674: 17 2 2 2 2 2 2 2 2 2 2 3 3 5 7 1 1 1 
Case #675: 26 2 2 2 13 1 1 1 1 1 1 1 1 1 1 1 1 1 1 1 1 1 1 1 1 1 1 
Case #676: 24 2 2 2 2 2 2 2 2 2 2 2 3 5 1 1 1 1 1 1 1 1 1 1 1 
Case #677: -1
Case #678: 16 2 2 2 2 2 3 3 5 5 5 5 1 1 1 1 1 
Case #679: 21 2 2 3 3 3 3 3 5 5 1 1 1 1 1 1 1 1 1 1 1 1 
Case #680: 14 2 2 2 2 2 2 2 2 2 3 5 13 1 1 
Case #681: -1
Case #682: 18 2 2 2 2 2 2 2 2 2 3 3 3 5 5 1 1 1 1 
Case #683: 18 2 2 2 2 2 3 3 3 3 3 5 5 1 1 1 1 1 1 
Case #684: 14 2 2 2 2 2 3 3 5 5 11 1 1 1 1 
Case #685: 20 2 2 2 2 2 3 3 3 3 3 7 1 1 1 1 1 1 1 1 1 
Case #686: 21 2 2 2 2 2 2 2 2 2 2 2 2 2 2 2 2 3 3 1 1 1 
Case #687: 27 2 2 3 3 5 5 1 1 1 1 1 1 1 1 1 1 1 1 1 1 1 1 1 1 1 1 1 
Case #688: 17 2 2 2 2 3 3 3 3 3 3 3 3 5 1 1 1 1 
Case #689: -1
Case #690: 29 2 2 3 5 5 1 1 1 1 1 1 1 1 1 1 1 1 1 1 1 1 1 1 1 1 1 1 1 1 
Case #691: 22 2 2 2 5 5 5 5 1 1 1 1 1 1 1 1 1 1 1 1 1 1 1 
Case #692: 13 2 2 3 3 3 5 5 13 1 1 1 1 1 
Case #693: 20 2 2 2 2 2 3 3 3 3 3 3 3 3 1 1 1 1 1 1 1 
Case #694: 22 2 2 2 2 2 3 5 5 5 1 1 1 1 1 1 1 1 1 1 1 1 1 
Case #695: -1
Case #696: 23 2 2 2 2 2 2 2 2 2 2 3 7 1 1 1 1 1 1 1 1 1 1 1 
Case #697: 23 2 2 3 5 5 7 1 1 1 1 1 1 1 1 1 1 1 1 1 1 1 1 1 
Case #698: 22 2 2 2 2 2 2 2 2 2 2 2 2 2 3 5 1 1 1 1 1 1 1 
Case #699: -1
Case #700: 11 2 2 2 2 3 5 5 7 11 1 1 
Case #701: 22 2 2 2 3 3 3 3 5 5 1 1 1 1 1 1 1 1 1 1 1 1 1 
Case #702: 21 2 2 2 2 2 2 2 2 2 2 3 3 7 1 1 1 1 1 1 1 1 
Case #703: 31 2 2 3 3 5 1 1 1 1 1 1 1 1 1 1 1 1 1 1 1 1 1 1 1 1 1 1 1 1 1 1 
Case #704: 14 2 3 3 3 3 5 5 11 1 1 1 1 1 1 
Case #705: -1
Case #706: 20 2 3 3 3 5 5 7 1 1 1 1 1 1 1 1 1 1 1 1 1 
Case #707: 22 2 2 2 3 5 5 7 1 1 1 1 1 1 1 1 1 1 1 1 1 1 1 
Case #708: 4 2 37 1 1 
Case #709: 16 2 2 2 2 2 3 3 5 7 7 1 1 1 1 1 1 
Case #710: 17 2 2 2 2 2 2 7 7 7 1 1 1 1 1 1 1 1 
Case #711: 23 2 2 3 3 7 7 1 1 1 1 1 1 1 1 1 1 1 1 1 1 1 1 1 
Case #712: -1
Case #713: 21 2 2 2 2 2 2 2 2 2 2 2 2 2 2 3 5 1 1 1 1 1 
Case #714: 18 2 2 2 2 2 2 2 2 2 2 2 2 2 3 5 5 1 1 
Case #715: -1
Case #716: 19 2 2 2 2 2 2 3 3 3 5 7 1 1 1 1 1 1 1 1 
Case #717: 16 2 2 2 7 7 11 1 1 1 1 1 1 1 1 1 1 
Case #718: 17 2 2 2 2 2 2 2 2 2 2 3 13 1 1 1 1 1 
Case #719: 32 2 2 2 7 1 1 1 1 1 1 1 1 1 1 1 1 1 1 1 1 1 1 1 1 1 1 1 1 1 1 1 1 
Case #720: 15 2 2 3 3 3 5 5 11 1 1 1 1 1 1 1 
Case #721: 17 2 2 2 2 3 3 3 3 3 5 7 1 1 1 1 1 1 
Case #722: 20 2 2 2 2 2 2 2 3 3 3 5 5 1 1 1 1 1 1 1 1 
Case #723: 27 2 2 2 2 2 2 2 2 2 2 5 1 1 1 1 1 1 1 1 1 1 1 1 1 1 1 1 
Case #724: 17 2 2 3 5 5 13 1 1 1 1 1 1 1 1 1 1 1 
Case #725: 29 2 2 2 2 2 2 3 3 3 1 1 1 1 1 1 1 1 1 1 1 1 1 1 1 1 1 1 1 1 
Case #726: 19 2 2 2 2 3 17 1 1 1 1 1 1 1 1 1 1 1 1 1 
Case #727: 15 2 2 2 2 3 3 19 1 1 1 1 1 1 1 1 
Case #728: 24 2 2 2 2 2 3 3 3 3 3 3 1 1 1 1 1 1 1 1 1 1 1 1 1 
Case #729: 19 23 1 1 1 1 1 1 1 1 1 1 1 1 1 1 1 1 1 1 
Case #730: 17 2 2 2 2 3 3 3 3 3 3 3 7 1 1 1 1 1 
Case #731: 18 2 2 2 2 2 2 2 2 2 2 2 3 3 5 5 1 1 1 
Case #732: -1
Case #733: -1
Case #734: 19 2 2 3 5 5 5 7 1 1 1 1 1 1 1 1 1 1 1 1 
Case #735: 16 2 2 2 3 3 3 5 5 5 5 1 1 1 1 1 1 
Case #736: 14 2 2 2 3 3 3 7 13 1 1 1 1 1 1 
Case #737: 29 3 3 3 3 5 1 1 1 1 1 1 1 1 1 1 1 1 1 1 1 1 1 1 1 1 1 1 1 1 
Case #738: -1
Case #739: 11 2 2 2 2 2 2 3 11 13 1 1 
Case #740: -1
Case #741: 23 2 2 2 2 2 2 2 2 5 7 1 1 1 1 1 1 1 1 1 1 1 1 1 
Case #742: 18 2 2 2 2 2 2 2 2 2 5 5 5 5 5 5 5 5 5 
Case #743: 18 2 2 2 3 5 5 11 1 1 1 1 1 1 1 1 1 1 1 
Case #744: -1
Case #745: 11 2 2 2 2 2 2 3 7 17 1 1 
Case #746: -1
Case #747: 23 2 2 2 2 2 2 2 2 2 2 2 2 3 5 1 1 1 1 1 1 1 1 1 
Case #748: -1
Case #749: 15 2 2 2 2 3 3 3 5 7 7 1 1 1 1 1 
Case #750: -1
Case #751: 25 3 3 3 3 3 7 1 1 1 1 1 1 1 1 1 1 1 1 1 1 1 1 1 1 1 
Case #752: 19 2 2 2 2 2 2 3 3 3 3 5 5 1 1 1 1 1 1 1 
Case #753: 23 2 2 2 2 2 2 2 2 2 2 2 2 2 2 2 2 3 1 1 1 1 1 1 
Case #754: 23 2 2 2 2 3 5 5 5 1 1 1 1 1 1 1 1 1 1 1 1 1 1 1 
Case #755: 14 2 3 3 5 5 5 11 1 1 1 1 1 1 1 
Case #756: 15 2 2 2 2 3 3 3 3 3 13 1 1 1 1 1 
Case #757: 28 2 2 2 3 3 3 3 3 1 1 1 1 1 1 1 1 1 1 1 1 1 1 1 1 1 1 1 1 
Case #758: 27 2 2 2 2 2 2 3 3 3 3 1 1 1 1 1 1 1 1 1 1 1 1 1 1 1 1 1 
Case #759: 12 2 2 2 2 2 2 2 3 11 11 1 1 
Case #760: -1
Case #761: 12 2 2 2 3 3 5 7 7 7 1 1 1 
Case #762: 19 2 2 3 3 5 5 5 5 1 1 1 1 1 1 1 1 1 1 1 
Case #763: 5 3 17 19 1 1 
Case #764: 19 2 2 2 2 2 2 2 2 2 2 3 3 5 5 1 1 1 1 1 
Case #765: 17 2 2 2 2 5 5 5 5 5 1 1 1 1 1 1 1 1 
Case #766: 11 2 2 3 3 3 5 19 1 1 1 1 
Case #767: 17 2 2 3 3 3 3 5 5 7 1 1 1 1 1 1 1 1 
Case #768: 23 3 3 3 3 3 5 5 1 1 1 1 1 1 1 1 1 1 1 1 1 1 1 1 
Case #769: 16 2 2 2 2 2 2 2 3 3 3 13 1 1 1 1 1 
Case #770: 18 2 2 2 2 2 2 2 3 3 3 3 5 5 1 1 1 1 1 
Case #771: 18 2 2 2 3 3 3 3 5 5 5 1 1 1 1 1 1 1 1 
Case #772: 15 2 2 2 2 3 3 3 3 3 5 5 5 1 1 1 
Case #773: 20 2 2 2 2 2 2 2 2 2 3 3 3 3 3 3 1 1 1 1 1 
Case #774: 15 2 2 2 2 7 7 11 1 1 1 1 1 1 1 1 
Case #775: -1
Case #776: 22 2 2 2 2 2 2 2 2 2 3 5 5 1 1 1 1 1 1 1 1 1 1 
Case #777: -1
Case #778: 25 2 2 2 2 2 2 2 2 3 7 1 1 1 1 1 1 1 1 1 1 1 1 1 1 1 
Case #779: 26 2 2 2 2 2 3 3 3 3 3 1 1 1 1 1 1 1 1 1 1 1 1 1 1 1 1 
Case #780: 18 2 3 3 3 3 3 3 3 3 3 5 1 1 1 1 1 1 1 
Case #781: -1
Case #782: 12 2 2 2 3 3 3 5 7 11 1 1 1 
Case #783: 23 2 2 2 2 3 3 3 5 5 1 1 1 1 1 1 1 1 1 1 1 1 1 1 
Case #784: 15 2 2 3 3 5 7 11 1 1 1 1 1 1 1 1 
Case #785: 17 2 2 3 3 3 17 1 1 1 1 1 1 1 1 1 1 1 
Case #786: 24 2 2 2 2 2 3 11 1 1 1 1 1 1 1 1 1 1 1 1 1 1 1 1 1 
Case #787: 28 2 7 7 1 1 1 1 1 1 1 1 1 1 1 1 1 1 1 1 1 1 1 1 1 1 1 1 1 
Case #788: 29 2 2 2 2 2 2 2 2 2 2 2 2 2 2 2 2 2 2 2 2 2 2 2 2 2 2 2 2 2 
Case #789: -1
Case #790: 25 2 2 2 2 2 2 3 5 5 1 1 1 1 1 1 1 1 1 1 1 1 1 1 1 1 
Case #791: 19 2 2 2 2 2 2 3 3 5 5 5 1 1 1 1 1 1 1 1 
Case #792: 25 2 2 2 2 2 2 2 2 2 2 2 2 2 2 2 2 1 1 1 1 1 1 1 1 1 
Case #793: 20 2 2 2 2 2 2 2 3 3 3 3 7 1 1 1 1 1 1 1 1 
Case #794: -1
Case #795: 15 2 2 2 2 3 5 5 7 7 1 1 1 1 1 1 
Case #796: 11 2 2 2 2 3 3 7 17 1 1 1 
Case #797: -1
Case #798: -1
Case #799: 24 2 2 2 2 2 3 5 7 1 1 1 1 1 1 1 1 1 1 1 1 1 1 1 1 
Case #800: 24 2 2 2 2 2 3 3 3 3 5 1 1 1 1 1 1 1 1 1 1 1 1 1 1 
Case #801: 23 2 2 2 2 2 2 2 2 3 5 5 1 1 1 1 1 1 1 1 1 1 1 1 
Case #802: 17 2 2 23 1 1 1 1 1 1 1 1 1 1 1 1 1 1 
Case #803: 10 2 2 2 3 5 5 7 13 1 1 
Case #804: 35 2 2 2 2 3 1 1 1 1 1 1 1 1 1 1 1 1 1 1 1 1 1 1 1 1 1 1 1 1 1 1 1 1 1 1 
Case #805: 15 2 2 2 2 3 3 5 5 11 1 1 1 1 1 1 
Case #806: 29 2 2 2 2 2 2 2 2 2 2 3 1 1 1 1 1 1 1 1 1 1 1 1 1 1 1 1 1 1 
Case #807: 18 2 3 3 3 7 11 1 1 1 1 1 1 1 1 1 1 1 1 
Case #808: 14 2 2 2 3 3 3 3 3 5 5 7 1 1 1 
Case #809: 21 2 2 2 2 2 2 2 2 2 2 11 1 1 1 1 1 1 1 1 1 1 
Case #810: 26 2 2 2 2 2 2 2 3 3 3 3 1 1 1 1 1 1 1 1 1 1 1 1 1 1 1 
Case #811: 14 2 2 2 2 2 2 2 3 19 1 1 1 1 1 
Case #812: 3 17 23 1 
Case #813: 13 2 2 2 2 2 2 3 5 5 7 7 1 1 
Case #814: 23 2 2 3 3 3 3 3 7 1 1 1 1 1 1 1 1 1 1 1 1 1 1 1 
Case #815: 24 2 2 2 3 3 11 1 1 1 1 1 1 1 1 1 1 1 1 1 1 1 1 1 1 
Case #816: 20 2 3 3 5 7 7 1 1 1 1 1 1 1 1 1 1 1 1 1 1 
Case #817: 15 2 2 3 3 3 3 3 5 5 7 1 1 1 1 1 
Case #818: 28 2 2 2 2 2 2 2 2 2 3 3 1 1 1 1 1 1 1 1 1 1 1 1 1 1 1 1 1 
Case #819: 18 2 2 2 2 2 3 3 5 5 7 1 1 1 1 1 1 1 1 
Case #820: 16 2 2 2 2 2 2 2 3 5 5 5 5 1 1 1 1 
Case #821: -1
Case #822: 16 2 2 2 2 2 2 2 3 3 3 5 5 5 1 1 1 
Case #823: 30 2 3 3 7 1 1 1 1 1 1 1 1 1 1 1 1 1 1 1 1 1 1 1 1 1 1 1 1 1 1 
Case #824: 16 2 2 2 2 2 5 17 1 1 1 1 1 1 1 1 1 
Case #825: 19 2 2 2 2 2 2 5 13 1 1 1 1 1 1 1 1 1 1 1 
Case #826: 20 2 2 2 2 2 2 2 2 2 3 3 3 7 1 1 1 1 1 1 1 
Case #827: 21 2 2 2 2 2 2 2 2 2 2 3 5 5 1 1 1 1 1 1 1 1 
Case #828: 20 2 3 5 5 5 7 1 1 1 1 1 1 1 1 1 1 1 1 1 1 
Case #829: -1
Case #830: 13 2 2 3 3 3 3 3 5 13 1 1 1 1 
Case #831: 18 2 2 2 3 3 5 5 5 5 1 1 1 1 1 1 1 1 1 
Case #832: -1
Case #833: 18 2 2 2 2 2 5 5 5 7 1 1 1 1 1 1 1 1 1 
Case #834: 16 2 2 2 2 2 2 2 3 3 3 3 5 7 1 1 1 
Case #835: 17 2 2 2 2 2 2 2 2 3 3 7 7 1 1 1 1 1 
Case #836: 16 2 2 2 2 2 3 3 3 3 13 1 1 1 1 1 1 
Case #837: 17 2 2 2 2 2 2 3 3 3 13 1 1 1 1 1 1 1 
Case #838: 17 2 2 3 3 5 5 11 1 1 1 1 1 1 1 1 1 1 
Case #839: 22 2 2 2 2 2 2 2 2 2 2 2 2 2 2 2 2 2 2 2 1 1 1 
Case #840: 17 2 2 3 3 3 7 11 1 1 1 1 1 1 1 1 1 1 
Case #841: -1
Case #842: 7 17 19 1 1 1 1 1 
Case #843: 18 2 2 2 2 2 2 2 2 2 2 2 3 5 7 1 1 1 1 
Case #844: 25 2 2 2 2 2 2 2 2 2 2 2 2 3 3 1 1 1 1 1 1 1 1 1 1 1 
Case #845: -1
Case #846: 24 2 2 2 2 2 2 2 3 3 3 3 3 1 1 1 1 1 1 1 1 1 1 1 1 
Case #847: 8 2 2 2 3 13 17 1 1 
Case #848: 19 2 2 2 2 2 2 2 2 5 5 7 1 1 1 1 1 1 1 1 
Case #849: 18 2 2 2 2 2 2 2 3 3 7 7 1 1 1 1 1 1 1 
Case #850: 14 2 2 2 2 2 3 3 3 5 13 1 1 1 1 
Case #851: 27 2 2 2 2 2 2 2 2 2 2 2 2 3 1 1 1 1 1 1 1 1 1 1 1 1 1 1 
Case #852: 20 2 2 2 3 3 3 3 3 3 3 5 1 1 1 1 1 1 1 1 1 
Case #853: 24 2 2 2 2 2 2 2 2 2 2 2 2 2 2 2 3 1 1 1 1 1 1 1 1 
Case #854: 19 2 2 2 2 3 3 3 3 5 7 1 1 1 1 1 1 1 1 1 
Case #855: 19 2 2 2 2 2 2 3 3 3 3 3 7 1 1 1 1 1 1 1 
Case #856: 24 2 2 2 3 3 5 7 1 1 1 1 1 1 1 1 1 1 1 1 1 1 1 1 1 
Case #857: 19 2 2 2 2 3 3 3 3 3 5 5 1 1 1 1 1 1 1 1 
Case #858: -1
Case #859: 17 2 2 2 2 2 2 3 5 5 5 5 1 1 1 1 1 1 
Case #860: 18 2 2 2 2 2 3 3 3 7 7 1 1 1 1 1 1 1 1 
Case #861: 28 2 2 2 2 2 3 7 1 1 1 1 1 1 1 1 1 1 1 1 1 1 1 1 1 1 1 1 1 
Case #862: 15 2 2 2 2 3 3 3 3 3 3 5 7 1 1 1 
Case #863: 24 2 2 2 2 2 2 2 2 2 3 3 3 3 1 1 1 1 1 1 1 1 1 1 1 
Case #864: 14 2 3 3 3 3 3 5 13 1 1 1 1 1 1 
Case #865: 12 2 2 2 2 2 3 5 7 13 1 1 1 
Case #866: 24 2 2 2 2 2 3 3 5 5 1 1 1 1 1 1 1 1 1 1 1 1 1 1 1 
Case #867: 20 22 1 1 1 1 1 1 1 1 1 1 1 1 1 1 1 1 1 1 1 
Case #868: 23 2 2 3 3 13 1 1 1 1 1 1 1 1 1 1 1 1 1 1 1 1 1 1 
Case #869: 24 2 2 2 2 2 2 2 3 5 5 1 1 1 1 1 1 1 1 1 1 1 1 1 1 
Case #870: 14 2 2 2 3 3 3 3 17 1 1 1 1 1 1 
Case #871: 15 5 23 1 1 1 1 1 1 1 1 1 1 1 1 1 
Case #872: 14 2 2 2 3 3 5 5 13 1 1 1 1 1 1 
Case #873: 13 2 2 3 3 3 3 7 13 1 1 1 1 1 
Case #874: 13 2 2 3 5 5 7 11 1 1 1 1 1 1 
Case #875: 12 2 3 3 5 5 5 7 7 1 1 1 1 
Case #876: 12 2 2 2 2 2 2 5 5 5 5 5 5 
Case #877: 17 2 2 3 3 3 3 5 11 1 1 1 1 1 1 1 1 1 
Case #878: 12 2 3 3 3 5 5 5 5 7 1 1 1 
Case #879: 16 2 2 2 2 2 3 19 1 1 1 1 1 1 1 1 1 
Case #880: 25 3 3 13 1 1 1 1 1 1 1 1 1 1 1 1 1 1 1 1 1 1 1 1 1 1 
Case #881: -1
Case #882: -1
Case #883: -1
Case #884: -1
Case #885: 16 2 3 3 5 17 1 1 1 1 1 1 1 1 1 1 1 
Case #886: 18 2 2 2 3 3 3 3 3 3 3 3 5 1 1 1 1 1 1 
Case #887: -1
Case #888: -1
Case #889: 16 2 2 2 3 3 3 5 7 7 1 1 1 1 1 1 1 
Case #890: 19 2 2 2 2 2 2 3 3 3 3 3 3 5 1 1 1 1 1 1 
Case #891: 15 2 2 3 3 3 5 5 5 7 1 1 1 1 1 1 
Case #892: -1
Case #893: 11 2 2 29 1 1 1 1 1 1 1 1 
Case #894: 18 2 23 1 1 1 1 1 1 1 1 1 1 1 1 1 1 1 1 
Case #895: 22 2 2 2 2 2 2 2 2 2 2 2 2 2 2 2 5 1 1 1 1 1 1 
Case #896: 20 2 2 2 2 2 2 2 5 11 1 1 1 1 1 1 1 1 1 1 1 
Case #897: 20 2 2 2 2 2 2 2 2 2 2 2 3 5 5 1 1 1 1 1 1 
Case #898: 13 2 2 3 3 5 5 5 11 1 1 1 1 1 
Case #899: -1
Case #900: 17 2 2 2 2 5 5 13 1 1 1 1 1 1 1 1 1 1 
Case #901: 21 2 2 2 2 3 3 3 3 5 5 1 1 1 1 1 1 1 1 1 1 1 
Case #902: 18 2 2 2 2 2 2 2 2 2 3 3 3 3 3 5 1 1 1 
Case #903: 18 2 2 2 2 2 3 17 1 1 1 1 1 1 1 1 1 1 1 
Case #904: -1
Case #905: 12 2 29 1 1 1 1 1 1 1 1 1 1 
Case #906: -1
Case #907: 31 3 3 7 1 1 1 1 1 1 1 1 1 1 1 1 1 1 1 1 1 1 1 1 1 1 1 1 1 1 1 1 
Case #908: 19 2 2 2 2 2 2 3 5 11 1 1 1 1 1 1 1 1 1 1 
Case #909: 15 2 2 2 2 2 2 3 3 5 7 7 1 1 1 1 
Case #910: 19 2 2 2 2 2 2 2 2 3 3 5 7 1 1 1 1 1 1 1 
Case #911: 32 2 5 5 1 1 1 1 1 1 1 1 1 1 1 1 1 1 1 1 1 1 1 1 1 1 1 1 1 1 1 1 1 
Case #912: 21 2 2 3 3 3 3 11 1 1 1 1 1 1 1 1 1 1 1 1 1 1 
Case #913: 21 3 3 3 5 5 7 1 1 1 1 1 1 1 1 1 1 1 1 1 1 1 
Case #914: 24 2 2 2 2 2 2 2 2 2 2 2 2 2 3 3 1 1 1 1 1 1 1 1 1 
Case #915: 15 27 1 1 1 1 1 1 1 1 1 1 1 1 1 1 
Case #916: -1
Case #917: 33 3 3 3 3 1 1 1 1 1 1 1 1 1 1 1 1 1 1 1 1 1 1 1 1 1 1 1 1 1 1 1 1 1 
Case #918: 17 2 2 2 2 3 19 1 1 1 1 1 1 1 1 1 1 1 
Case #919: 16 2 3 5 5 5 11 1 1 1 1 1 1 1 1 1 1 
Case #920: 21 11 11 1 1 1 1 1 1 1 1 1 1 1 1 1 1 1 1 1 1 1 
Case #921: -1
Case #922: 10 2 3 3 5 7 17 1 1 1 1 
Case #923: -1
Case #924: -1
Case #925: 20 2 2 2 2 2 2 2 3 3 3 3 3 5 1 1 1 1 1 1 1 
Case #926: 25 2 2 2 2 2 2 2 2 2 2 2 2 5 1 1 1 1 1 1 1 1 1 1 1 1 
Case #927: -1
Case #928: 7 5 5 11 17 1 1 1 
Case #929: 26 2 2 2 3 3 3 3 5 1 1 1 1 1 1 1 1 1 1 1 1 1 1 1 1 1 1 
Case #930: -1
Case #931: 28 2 2 2 2 2 2 2 2 2 5 1 1 1 1 1 1 1 1 1 1 1 1 1 1 1 1 1 1 
Case #932: 22 2 2 2 3 3 3 3 3 3 3 3 1 1 1 1 1 1 1 1 1 1 1 
Case #933: 25 3 3 3 3 3 3 5 1 1 1 1 1 1 1 1 1 1 1 1 1 1 1 1 1 1 
Case #934: 19 2 2 2 2 3 3 5 5 7 1 1 1 1 1 1 1 1 1 1 
Case #935: 14 2 2 2 2 2 3 3 5 5 5 7 1 1 1 
Case #936: 21 2 2 2 2 2 2 2 2 2 2 2 2 2 2 3 3 3 1 1 1 1 
Case #937: 20 2 2 2 2 2 2 2 2 2 2 2 2 2 2 2 2 2 5 1 1 
Case #938: 12 2 2 2 2 2 2 2 3 5 17 1 1 
Case #939: 23 2 2 17 1 1 1 1 1 1 1 1 1 1 1 1 1 1 1 1 1 1 1 1 
Case #940: 28 2 2 2 3 3 7 1 1 1 1 1 1 1 1 1 1 1 1 1 1 1 1 1 1 1 1 1 1 
Case #941: 17 2 2 2 2 3 3 5 7 7 1 1 1 1 1 1 1 1 
Case #942: -1
Case #943: 31 3 5 5 1 1 1 1 1 1 1 1 1 1 1 1 1 1 1 1 1 1 1 1 1 1 1 1 1 1 1 1 
Case #944: 16 2 2 2 3 5 5 7 7 1 1 1 1 1 1 1 1 
Case #945: 19 2 2 2 2 2 2 2 2 3 3 3 3 7 1 1 1 1 1 1 
Case #946: 24 2 2 2 2 2 2 2 2 2 2 2 7 1 1 1 1 1 1 1 1 1 1 1 1 
Case #947: 17 2 2 2 2 2 2 3 3 3 3 3 3 3 5 1 1 1 
Case #948: 21 2 2 5 5 11 1 1 1 1 1 1 1 1 1 1 1 1 1 1 1 1 
Case #949: 26 2 3 3 5 7 1 1 1 1 1 1 1 1 1 1 1 1 1 1 1 1 1 1 1 1 1 
Case #950: 32 10 1 1 1 1 1 1 1 1 1 1 1 1 1 1 1 1 1 1 1 1 1 1 1 1 1 1 1 1 1 1 1 
Case #951: 18 2 2 2 3 3 3 3 3 11 1 1 1 1 1 1 1 1 1 
Case #952: -1
Case #953: 27 2 2 2 2 2 2 2 2 2 2 3 3 1 1 1 1 1 1 1 1 1 1 1 1 1 1 1 
Case #954: 16 2 2 2 2 2 3 3 3 3 7 7 1 1 1 1 1 
Case #955: 10 2 3 3 3 3 5 19 1 1 1 
Case #956: 27 3 3 11 1 1 1 1 1 1 1 1 1 1 1 1 1 1 1 1 1 1 1 1 1 1 1 1 
Case #957: 13 2 2 3 3 5 7 7 7 1 1 1 1 1 
Case #958: 21 2 2 3 3 3 5 5 5 1 1 1 1 1 1 1 1 1 1 1 1 1 
Case #959: 21 3 3 3 3 3 3 3 3 5 1 1 1 1 1 1 1 1 1 1 1 1 
Case #960: 24 2 3 3 3 3 3 3 3 3 1 1 1 1 1 1 1 1 1 1 1 1 1 1 1 
Case #961: 18 2 3 3 3 3 3 7 7 1 1 1 1 1 1 1 1 1 1 
Case #962: 28 14 1 1 1 1 1 1 1 1 1 1 1 1 1 1 1 1 1 1 1 1 1 1 1 1 1 1 1 
Case #963: 21 2 2 2 2 2 2 2 2 2 2 3 3 3 3 3 1 1 1 1 1 1 
Case #964: 12 2 3 3 5 5 5 5 5 5 1 1 1 
Case #965: -1
