Case #1: 21 1 1 1 1 1 1 1 1 1 1 1 1 1 2 2 3 3 3 3 5 7
Case #2: 13 1 1 1 2 2 2 2 3 3 3 3 5 13
Case #3: 24 1 1 1 1 1 1 1 1 1 1 1 1 1 1 1 1 2 2 2 3 3 3 3 7
Case #4: 23 1 1 1 1 1 1 1 2 2 2 2 2 2 2 2 2 2 2 2 2 2 3 3
Case #5: 20 1 1 1 1 1 1 1 1 1 1 1 1 1 1 2 2 2 3 7 11
Case #6: 10 1 1 1 2 3 3 5 5 7 13
Case #7: 24 1 1 1 1 1 1 1 1 1 1 1 1 1 2 2 2 2 2 2 2 2 2 5 5
Case #8: 18 1 1 1 1 1 1 1 2 2 2 2 2 3 3 3 5 5 5
Case #9: 16 1 1 1 1 1 2 2 2 2 2 2 2 3 3 5 11
Case #10: 23 1 1 1 1 1 1 1 1 1 1 2 2 2 2 2 2 2 2 2 2 2 2 7
Case #11: -1
Case #12: 22 1 1 1 1 1 1 1 1 1 1 1 1 1 1 1 1 1 1 1 1 1 20
Case #13: 17 1 1 1 1 1 1 1 2 2 2 2 3 3 3 5 5 7
Case #14: 28 1 1 1 1 1 1 1 1 1 1 1 1 1 1 1 1 1 1 1 2 2 2 2 2 3 3 3 3
Case #15: 14 1 1 1 1 1 2 2 2 2 2 5 7 7 7
Case #16: 3 11 13 17
Case #17: 15 1 1 1 1 1 2 2 2 2 3 3 3 3 5 11
Case #18: 25 1 1 1 1 1 1 1 1 1 1 1 1 1 1 1 1 1 1 1 2 2 3 5 5 5
Case #19: 16 1 1 1 2 2 2 2 2 2 2 2 2 3 3 7 7
Case #20: 26 1 1 1 1 1 1 1 1 1 1 1 1 1 1 2 2 2 2 2 2 2 2 2 3 3 3
Case #21: 10 1 1 2 2 2 2 2 3 7 19
Case #22: 22 1 1 1 1 1 1 1 1 2 2 2 2 2 2 2 2 2 2 2 2 2 7
Case #23: 22 1 1 1 1 1 1 1 1 1 1 1 1 2 2 2 2 2 2 2 5 5 5
Case #24: 29 1 1 1 1 1 1 1 1 1 1 1 1 1 1 1 1 1 1 1 1 1 1 1 2 2 3 3 3 5
Case #25: 24 1 1 1 1 1 1 1 1 1 1 1 1 1 1 1 1 1 1 2 3 3 5 5 5
Case #26: 23 1 1 1 1 1 1 1 1 1 1 1 1 1 1 2 2 2 2 2 2 3 5 7
Case #27: 21 1 1 1 1 1 1 1 1 1 1 1 2 2 2 2 2 2 2 2 3 11
Case #28: 13 1 1 1 1 1 1 2 2 5 5 7 7 7
Case #29: 24 1 1 1 1 1 1 1 1 1 1 1 1 1 1 1 1 1 1 1 1 1 1 1 18
Case #30: 18 1 1 1 1 1 1 1 1 1 2 3 3 3 3 3 3 5 7
Case #31: 16 1 1 1 1 1 1 1 1 1 1 2 3 3 3 7 13
Case #32: 12 1 1 1 2 2 2 3 3 5 5 5 11
Case #33: 21 1 1 1 1 1 1 1 1 1 1 1 2 2 2 2 2 2 2 2 7 7
Case #34: 17 1 1 1 1 1 1 1 2 2 2 2 2 2 3 3 5 11
Case #35: 25 1 1 1 1 1 1 1 1 1 1 1 1 1 1 2 2 2 2 2 2 3 3 3 3 3
Case #36: 25 1 1 1 1 1 1 1 1 1 1 1 1 1 1 1 1 1 1 1 1 1 1 1 5 13
Case #37: -1
Case #38: -1
Case #39: 14 1 1 1 2 2 2 2 2 3 3 3 5 7 7
Case #40: 9 1 1 1 1 1 1 2 2 31
Case #41: 17 1 1 1 1 1 1 1 1 1 2 2 3 3 5 5 5 7
Case #42: 17 1 1 1 1 1 2 2 2 2 2 2 3 3 3 3 5 7
Case #43: -1
Case #44: 14 1 1 2 2 2 2 2 2 2 3 5 5 5 7
Case #45: 23 1 1 1 1 1 1 1 1 1 1 1 1 1 1 1 1 2 2 3 3 3 5 7
Case #46: 18 1 1 1 1 1 1 1 1 2 2 2 2 2 3 5 5 5 5
Case #47: 21 1 1 1 1 1 1 1 1 1 2 2 2 2 2 2 2 2 3 3 5 5
Case #48: -1
Case #49: 15 1 1 1 1 1 1 2 2 2 2 3 3 3 5 13
Case #50: 24 1 1 1 1 1 1 1 1 1 1 1 1 1 1 1 1 1 2 3 3 3 3 5 5
Case #51: 18 1 1 1 1 1 1 1 1 2 2 2 2 2 3 3 3 3 11
Case #52: 8 1 1 2 2 2 3 7 23
Case #53: 10 1 1 1 2 3 3 3 5 5 17
Case #54: 26 1 1 1 1 1 1 1 1 1 1 1 1 1 1 1 1 1 1 1 2 3 3 3 3 3 5
Case #55: 2 1 40
Case #56: 21 1 1 1 1 1 1 1 1 2 2 2 2 2 2 3 3 3 3 3 3 3
Case #57: -1
Case #58: 15 1 1 1 1 2 2 3 3 3 3 3 3 3 5 7
Case #59: 22 1 1 1 1 1 1 2 2 2 2 2 2 2 2 2 2 2 2 2 3 3 3
Case #60: 25 1 1 1 1 1 1 1 1 1 1 1 1 1 1 1 2 2 2 2 2 2 3 3 3 5
Case #61: 15 1 1 1 1 2 2 2 2 2 2 2 2 5 5 11
Case #62: 20 1 1 1 1 1 2 2 2 2 2 2 2 2 2 2 2 2 2 3 7
Case #63: 26 1 1 1 1 1 1 1 1 1 1 1 1 1 1 1 1 1 1 1 2 2 2 3 3 3 7
Case #64: 15 1 1 1 2 2 2 2 2 2 3 3 3 5 5 7
Case #65: -1
Case #66: 19 1 1 1 1 1 1 1 1 1 1 1 1 2 2 2 2 3 7 11
Case #67: 14 1 1 1 1 1 1 2 3 3 3 5 5 7 7
Case #68: 18 1 1 1 1 1 2 2 2 2 2 2 2 2 2 2 2 3 11
Case #69: 23 1 1 1 1 1 1 1 1 1 1 1 1 1 1 1 1 1 1 2 2 3 5 11
Case #70: 28 1 1 1 1 1 1 1 1 1 1 1 1 1 1 1 1 1 1 1 1 1 1 1 1 2 2 2 11
Case #71: -1
Case #72: -1
Case #73: 10 1 1 1 2 2 2 3 7 11 11
Case #74: 23 1 1 1 1 1 1 1 1 1 1 1 1 1 2 2 2 2 2 2 3 3 5 5
Case #75: 12 1 1 1 1 1 2 2 2 3 7 7 13
Case #76: 8 1 1 1 1 1 1 1 34
Case #77: 22 1 1 1 1 1 1 1 1 1 1 1 2 2 2 2 2 2 2 3 3 5 5
Case #78: -1
Case #79: -1
Case #80: 14 1 1 2 2 2 2 2 2 2 2 2 3 7 11
Case #81: 14 1 1 1 1 2 2 2 2 2 2 2 5 5 13
Case #82: 21 1 1 1 1 1 1 1 2 2 2 2 2 2 2 2 2 2 2 2 3 7
Case #83: 15 1 1 1 1 2 2 2 2 3 3 3 5 5 5 5
Case #84: 11 1 1 1 2 2 2 2 3 3 11 13
Case #85: 20 1 1 1 1 1 1 1 1 1 1 2 2 2 2 2 3 3 3 5 7
Case #86: 16 1 1 1 1 2 2 2 2 2 2 2 2 2 5 7 7
Case #87: 16 1 1 1 1 1 1 1 1 2 2 2 3 3 7 7 7
Case #88: 18 1 1 1 1 2 2 2 2 2 2 2 3 3 3 3 3 3 5
Case #89: 15 1 1 1 1 2 2 2 2 2 2 2 2 3 7 11
Case #90: 31 1 1 1 1 1 1 1 1 1 1 1 1 1 1 1 1 1 1 1 1 1 1 1 1 1 1 2 2 2 2 7
Case #91: -1
Case #92: -1
Case #93: 32 1 1 1 1 1 1 1 1 1 1 1 1 1 1 1 1 1 1 1 1 1 1 1 1 1 1 2 2 2 2 2 5
Case #94: 21 1 1 1 1 1 1 1 1 1 1 2 2 2 2 2 2 2 2 5 5 5
Case #95: 19 1 1 1 1 1 1 1 1 1 2 2 2 2 2 2 3 5 5 7
Case #96: 17 1 1 1 1 1 1 2 2 2 2 3 3 3 3 5 5 5
Case #97: -1
Case #98: 23 1 1 1 1 1 1 1 1 2 2 2 2 2 2 2 2 2 2 2 2 2 2 5
Case #99: 18 1 1 1 1 1 1 2 2 2 2 2 2 2 2 2 3 7 7
Case #100: 30 1 1 1 1 1 1 1 1 1 1 1 1 1 1 1 1 1 1 1 1 1 1 2 2 2 2 2 2 2 5
Case #101: 18 1 1 1 1 1 2 2 2 2 2 2 2 2 2 3 5 5 5
Case #102: 18 1 1 1 1 1 2 2 2 2 2 3 3 3 3 3 3 3 5
Case #103: 13 1 1 1 1 1 1 1 1 1 1 1 1 29
Case #104: 6 1 1 1 1 1 36
Case #105: 17 1 1 1 1 1 1 1 1 1 1 2 2 3 3 7 7 7
Case #106: 21 2 2 2 2 2 2 2 2 2 2 2 2 2 2 2 2 2 2 2 2 2
Case #107: 13 1 1 1 1 2 2 2 2 2 2 5 7 13
Case #108: 19 1 1 1 1 1 1 1 1 1 1 2 2 2 2 3 3 3 7 7
Case #109: 9 1 1 2 2 2 2 3 11 17
Case #110: 29 1 1 1 1 1 1 1 1 1 1 1 1 1 1 1 1 1 1 1 1 1 1 2 2 2 2 2 2 7
Case #111: 27 1 1 1 1 1 1 1 1 1 1 1 1 1 1 1 1 1 1 1 1 2 2 2 2 3 3 7
Case #112: 15 1 1 1 1 1 2 2 3 3 3 3 5 5 5 5
Case #113: 33 1 1 1 1 1 1 1 1 1 1 1 1 1 1 1 1 1 1 1 1 1 1 1 1 1 1 1 1 1 2 2 3 5
Case #114: -1
Case #115: 24 1 1 1 1 1 1 1 1 1 1 1 1 1 1 1 2 2 2 2 2 2 2 5 7
Case #116: 24 1 1 1 1 1 1 1 1 1 1 2 2 2 2 2 2 2 2 2 2 2 2 2 5
Case #117: 18 1 1 1 1 1 1 1 1 1 1 2 2 2 3 5 5 5 7
Case #118: 22 1 1 1 1 1 1 1 1 1 2 2 2 2 2 2 2 2 2 3 3 3 5
Case #119: 39 1 1 1 1 1 1 1 1 1 1 1 1 1 1 1 1 1 1 1 1 1 1 1 1 1 1 1 1 1 1 1 1 1 1 1 1 1 1 3
Case #120: 18 1 1 1 1 1 1 1 1 1 1 1 2 3 3 3 5 7 7
Case #121: 14 1 1 1 1 1 1 2 2 2 2 2 5 7 13
Case #122: 22 1 1 1 1 1 1 1 1 1 1 1 1 1 1 2 2 2 2 2 3 3 11
Case #123: 33 1 1 1 1 1 1 1 1 1 1 1 1 1 1 1 1 1 1 1 1 1 1 1 1 1 1 2 2 2 2 2 2 3
Case #124: 21 1 1 1 1 1 1 1 1 1 1 1 1 1 1 1 1 1 1 1 5 17
Case #125: 17 1 1 1 1 1 2 2 2 2 2 2 2 2 3 5 5 7
Case #126: 15 1 1 2 2 2 2 2 2 2 2 2 2 3 5 11
Case #127: 18 1 1 1 1 1 1 1 1 1 1 1 2 2 2 5 5 7 7
Case #128: 21 1 1 1 1 1 1 1 1 1 1 1 2 2 2 2 2 2 3 3 5 7
Case #129: -1
Case #130: 9 1 1 2 2 2 2 3 5 23
Case #131: 19 1 1 1 1 2 2 2 2 2 2 2 2 2 2 3 3 3 3 5
Case #132: -1
Case #133: 5 1 1 1 19 19
Case #134: -1
Case #135: 32 1 1 1 1 1 1 1 1 1 1 1 1 1 1 1 1 1 1 1 1 1 1 1 1 1 1 2 2 2 3 3 3
Case #136: 11 1 1 1 2 2 2 2 3 3 5 19
Case #137: 22 1 1 1 1 1 1 1 1 1 1 1 1 1 2 2 2 2 2 3 3 5 7
Case #138: 19 1 1 1 1 2 2 2 2 2 2 2 2 2 2 2 2 3 5 5
Case #139: -1
Case #140: 18 1 1 1 1 1 1 1 1 1 1 1 1 1 2 3 5 7 11
Case #141: 22 1 1 1 1 1 2 2 2 2 2 2 2 2 2 2 2 2 2 2 2 3 3
Case #142: 22 1 1 1 1 1 1 1 1 1 1 2 2 2 2 2 2 2 3 3 3 3 5
Case #143: 22 1 1 1 1 1 1 1 1 1 1 1 2 2 2 2 2 2 2 2 2 5 7
Case #144: 21 1 1 1 1 1 1 1 1 2 2 2 2 2 2 2 2 3 3 3 3 5
Case #145: 27 1 1 1 1 1 1 1 1 1 1 1 1 1 1 1 1 1 1 1 1 2 2 3 3 3 3 5
Case #146: 14 1 1 1 1 1 1 2 2 2 3 3 5 7 11
Case #147: 12 1 1 1 1 1 2 2 2 3 3 5 19
Case #148: 15 1 1 1 1 2 2 3 3 3 3 3 3 5 5 5
Case #149: -1
Case #150: 24 1 1 1 1 1 1 1 1 1 1 1 1 2 2 2 2 2 2 2 2 2 3 3 5
Case #151: 24 1 1 1 1 1 1 1 1 1 1 2 2 2 2 2 2 2 2 2 2 2 3 3 3
Case #152: 16 1 1 1 1 1 1 1 1 2 2 2 3 3 5 5 11
Case #153: 12 1 1 1 1 2 2 2 3 7 7 7 7
Case #154: 13 1 1 1 1 1 2 2 2 2 3 3 3 19
Case #155: -1
Case #156: 16 1 1 1 1 1 1 2 2 2 3 3 3 3 3 3 11
Case #157: 32 1 1 1 1 1 1 1 1 1 1 1 1 1 1 1 1 1 1 1 1 1 1 1 1 1 1 1 1 1 2 3 7
Case #158: 16 1 1 1 1 2 2 2 2 2 2 2 3 3 5 5 7
Case #159: 22 1 1 1 1 1 1 1 1 1 2 2 2 2 2 2 2 3 3 3 3 3 3
Case #160: -1
Case #161: 14 1 1 1 2 3 3 3 3 3 3 3 5 5 5
Case #162: 12 1 1 1 2 3 3 3 3 3 3 5 13
Case #163: 21 1 1 1 1 1 1 1 1 1 1 2 2 2 2 3 3 3 3 3 3 5
Case #164: -1
Case #165: 21 1 1 1 1 1 1 1 1 1 1 1 1 1 1 2 2 3 5 5 5 5
Case #166: 17 1 1 1 1 1 1 1 1 1 1 1 1 1 1 1 3 23
Case #167: 14 1 1 1 1 1 1 2 3 3 5 5 5 5 7
Case #168: 19 1 1 1 1 1 1 1 1 1 1 1 2 2 3 3 3 3 7 7
Case #169: 25 1 1 1 1 1 1 1 1 1 1 1 1 1 1 1 1 1 1 1 1 1 1 1 7 11
Case #170: 15 1 1 1 1 1 1 2 2 2 2 3 3 7 7 7
Case #171: 21 1 1 1 1 1 1 1 1 1 1 1 2 2 2 2 2 2 3 5 5 5
Case #172: 17 1 1 1 2 2 2 2 2 2 2 2 3 3 3 3 5 5
Case #173: 23 1 1 1 1 1 1 1 1 1 1 1 1 1 1 1 1 2 2 2 2 3 7 7
Case #174: 16 1 1 1 1 1 1 1 2 2 2 2 2 3 3 5 13
Case #175: 20 1 1 1 1 1 1 1 1 1 1 1 2 2 2 3 3 3 5 5 5
Case #176: 22 1 1 1 1 1 1 1 1 1 1 1 1 1 2 3 3 3 3 3 3 3 5
Case #177: 19 1 1 1 2 2 2 2 2 2 2 2 2 2 2 2 3 3 3 5
Case #178: 20 1 1 1 1 1 1 1 1 1 1 1 2 2 2 2 2 3 3 7 7
Case #179: -1
Case #180: 18 1 1 1 1 1 1 1 2 2 2 2 2 2 2 3 5 5 7
Case #181: 25 1 1 1 1 1 1 1 1 1 1 1 1 1 1 1 2 2 2 2 3 3 3 3 3 3
Case #182: 13 1 1 1 2 2 2 2 2 2 3 3 7 13
Case #183: 13 1 1 1 1 1 1 2 2 3 3 3 5 17
Case #184: 19 1 1 1 1 1 1 2 2 2 2 2 2 2 2 2 2 5 5 5
Case #185: 24 1 1 1 1 1 1 1 1 1 1 1 1 1 1 1 1 2 2 2 3 3 3 5 5
Case #186: 16 1 1 1 2 2 2 3 3 3 3 3 3 3 3 3 5
Case #187: 26 1 1 1 1 1 1 1 1 1 1 1 1 1 1 1 1 1 1 1 1 1 1 1 1 1 16
Case #188: 14 1 1 1 1 1 2 2 2 3 3 3 7 7 7
Case #189: 18 1 1 1 1 1 1 1 1 1 1 1 2 2 2 3 3 5 13
Case #190: 20 1 1 1 1 1 1 1 1 1 1 1 1 1 1 2 2 2 5 5 11
Case #191: 13 1 1 2 2 2 2 2 2 2 2 3 7 13
Case #192: -1
Case #193: -1
Case #194: 16 1 1 1 1 1 1 1 1 1 2 2 2 3 3 7 13
Case #195: 28 1 1 1 1 1 1 1 1 1 1 1 1 1 1 1 1 1 1 1 1 2 2 2 2 2 3 3 5
Case #196: -1
Case #197: 18 1 1 1 1 1 1 1 1 1 1 1 1 2 3 3 3 5 13
Case #198: -1
Case #199: 21 1 1 1 1 1 1 1 1 1 1 1 1 1 1 1 2 2 3 5 7 7
Case #200: 35 1 1 1 1 1 1 1 1 1 1 1 1 1 1 1 1 1 1 1 1 1 1 1 1 1 1 1 1 1 2 2 2 2 2 2
Case #201: 16 1 1 1 1 1 2 2 2 3 3 3 3 3 5 5 5
Case #202: -1
Case #203: 20 1 1 1 1 1 1 1 1 1 2 2 2 2 2 3 3 3 3 5 5
Case #204: 21 1 1 1 1 1 1 1 1 1 1 1 2 2 3 3 3 3 3 3 3 5
Case #205: 20 1 1 1 1 1 1 1 1 1 1 2 3 3 3 3 3 3 3 3 5
Case #206: 19 1 1 1 1 1 1 1 1 1 1 1 1 2 2 3 3 3 5 11
Case #207: 21 1 1 1 1 1 1 1 2 2 2 2 2 2 2 2 3 3 3 3 3 3
Case #208: 14 1 1 1 2 2 2 2 2 3 3 3 3 5 11
Case #209: 17 1 1 2 2 2 2 2 2 2 2 2 2 2 2 3 5 7
Case #210: 16 1 1 1 2 2 2 2 2 2 2 2 2 3 5 5 7
Case #211: 23 1 1 1 1 1 1 1 1 1 1 1 1 1 1 1 1 1 1 1 1 1 3 17
Case #212: 24 1 1 1 1 1 1 1 1 1 1 1 1 1 2 2 2 2 2 2 2 2 2 3 7
Case #213: 19 1 1 1 1 1 1 1 2 2 2 2 3 3 3 3 3 3 3 5
Case #214: 14 1 1 1 1 1 1 1 1 1 1 1 1 1 28
Case #215: -1
Case #216: 18 1 1 1 1 1 1 1 2 2 2 3 3 3 3 3 3 5 5
Case #217: -1
Case #218: 16 1 1 1 1 1 1 1 1 1 1 1 1 1 1 1 26
Case #219: 19 1 1 1 1 1 1 1 2 2 2 2 2 2 2 2 3 5 5 5
Case #220: 41 1 1 1 1 1 1 1 1 1 1 1 1 1 1 1 1 1 1 1 1 1 1 1 1 1 1 1 1 1 1 1 1 1 1 1 1 1 1 1 1 1
Case #221: 21 1 1 1 1 1 1 1 1 1 1 1 1 1 2 2 2 2 3 3 3 11
Case #222: 10 1 1 1 1 1 2 3 3 5 23
Case #223: 17 1 1 1 1 1 1 2 2 2 2 2 2 3 3 5 5 7
Case #224: 26 1 1 1 1 1 1 1 1 1 1 1 1 1 1 1 1 2 2 2 2 2 2 2 3 3 5
Case #225: 3 5 17 19
Case #226: 15 1 1 1 1 1 1 1 2 2 2 2 3 5 7 11
Case #227: -1
Case #228: 19 1 1 1 1 1 1 1 1 1 1 2 2 3 3 3 3 3 5 7
Case #229: -1
Case #230: 15 1 1 1 1 2 2 2 2 2 2 3 3 3 5 11
Case #231: 25 1 1 1 1 1 1 1 1 1 1 2 2 2 2 2 2 2 2 2 2 2 2 2 2 3
Case #232: 24 1 1 1 1 1 1 1 1 1 1 1 1 1 1 1 1 1 2 2 2 3 5 5 5
Case #233: 29 1 1 1 1 1 1 1 1 1 1 1 1 1 1 1 1 1 1 1 1 1 1 1 1 1 1 1 7 7
Case #234: 25 1 1 1 1 1 1 1 1 1 1 1 1 1 1 1 2 2 2 2 2 2 2 2 5 5
Case #235: -1
Case #236: 18 1 1 1 1 1 1 1 1 1 1 1 1 2 2 2 5 5 13
Case #237: 29 1 1 1 1 1 1 1 1 1 1 1 1 1 1 1 1 1 1 1 2 2 2 2 2 2 2 2 3 3
Case #238: 18 1 1 1 1 1 1 1 1 1 1 2 3 3 3 5 5 5 5
Case #239: 16 1 1 1 1 1 1 1 1 1 1 1 2 3 5 7 13
Case #240: -1
Case #241: -1
Case #242: 19 1 1 1 1 1 1 1 1 1 1 2 2 2 2 2 2 5 7 7
Case #243: 15 1 1 1 1 1 1 1 1 2 2 2 2 3 11 11
Case #244: 22 1 1 1 1 1 1 1 1 1 1 1 1 1 1 1 2 2 2 3 3 7 7
Case #245: 25 1 1 1 1 1 1 1 1 1 1 1 1 1 1 1 1 1 1 1 1 2 2 3 3 11
Case #246: 28 1 1 1 1 1 1 1 1 1 1 1 1 1 1 1 1 1 1 1 2 2 2 2 2 2 2 3 5
Case #247: 16 1 1 1 1 2 2 2 2 2 2 2 3 3 3 7 7
Case #248: 29 1 1 1 1 1 1 1 1 1 1 1 1 1 1 1 1 1 1 1 1 1 1 1 1 1 1 1 1 13
Case #249: 21 1 1 1 1 1 1 1 2 2 2 2 2 2 2 2 2 2 3 3 3 5
Case #250: 29 1 1 1 1 1 1 1 1 1 1 1 1 1 1 1 1 1 1 1 1 1 1 1 1 1 1 3 5 7
Case #251: 26 1 1 1 1 1 1 1 1 1 1 1 1 1 1 1 1 1 1 1 1 2 3 3 3 3 7
Case #252: 20 1 1 1 1 1 1 1 1 1 1 1 1 1 2 3 3 3 3 7 7
Case #253: 26 1 1 1 1 1 1 1 1 1 1 1 2 2 2 2 2 2 2 2 2 2 2 2 2 2 2
Case #254: -1
Case #255: 16 1 1 1 1 1 2 2 2 3 3 3 3 3 3 5 7
Case #256: 27 1 1 1 1 1 1 1 1 1 1 1 1 1 1 1 1 1 1 1 1 1 1 1 1 1 5 11
Case #257: 18 1 1 1 1 1 2 2 2 3 3 3 3 3 3 3 3 3 3
Case #258: -1
Case #259: 17 1 1 1 1 2 2 2 2 2 2 2 2 3 3 3 5 7
Case #260: 25 1 1 1 1 1 1 1 1 1 1 1 1 1 1 1 1 1 2 2 2 2 3 3 3 7
Case #261: 13 1 1 1 2 2 2 2 3 3 5 5 7 7
Case #262: 33 1 1 1 1 1 1 1 1 1 1 1 1 1 1 1 1 1 1 1 1 1 1 1 1 1 1 1 1 2 2 2 2 5
Case #263: 18 1 1 1 1 1 1 1 1 1 1 2 2 2 3 3 5 7 7
Case #264: 36 1 1 1 1 1 1 1 1 1 1 1 1 1 1 1 1 1 1 1 1 1 1 1 1 1 1 1 1 1 1 1 1 1 1 1 6
Case #265: 23 1 1 1 1 1 1 1 1 1 1 1 1 1 1 2 2 2 2 2 2 5 5 5
Case #266: 22 1 1 1 1 1 1 1 1 1 1 1 1 1 1 2 2 2 3 3 3 5 7
Case #267: -1
Case #268: 17 1 1 1 1 1 1 1 1 2 2 3 3 3 3 3 7 7
Case #269: 16 1 1 1 1 1 2 2 2 2 2 3 3 3 5 5 7
Case #270: 13 1 1 1 1 1 2 2 2 2 3 3 11 11
Case #271: 23 1 1 1 1 1 1 1 1 1 1 1 2 2 2 2 2 2 2 2 3 3 3 5
Case #272: 17 1 1 1 1 1 1 1 1 1 2 2 2 2 3 7 7 7
Case #273: 26 1 1 1 1 1 1 1 1 1 1 1 1 1 1 1 1 1 1 2 2 2 2 2 3 5 5
Case #274: 15 1 1 1 2 2 2 2 2 2 2 2 3 3 5 11
Case #275: 14 1 1 1 1 1 2 2 2 2 2 3 5 5 13
Case #276: 21 1 1 1 1 1 1 1 1 1 1 1 1 2 2 2 2 3 3 5 5 5
Case #277: 6 1 1 1 2 17 19
Case #278: 17 1 1 1 1 1 1 1 1 1 1 2 2 3 5 5 7 7
Case #279: 11 1 1 2 2 2 2 3 5 5 5 13
Case #280: 20 1 1 1 1 1 1 1 1 1 1 2 2 2 2 2 2 2 3 3 11
Case #281: 20 1 1 1 1 1 1 1 1 1 1 1 1 1 2 3 3 3 3 3 11
Case #282: 13 1 1 1 1 2 2 2 2 2 2 3 11 11
Case #283: -1
Case #284: 15 1 1 1 1 2 2 2 2 2 2 3 5 5 5 7
Case #285: 11 1 1 1 1 1 1 1 1 1 1 31
Case #286: 18 1 1 1 1 1 1 1 1 1 2 2 2 3 3 3 3 7 7
Case #287: 15 1 1 1 1 1 2 2 2 2 2 2 2 2 3 17
Case #288: -1
Case #289: -1
Case #290: 17 1 1 1 1 2 2 2 2 2 2 2 2 2 2 5 5 7
Case #291: -1
Case #292: 17 1 1 1 1 1 1 1 1 1 1 1 1 2 2 7 7 11
Case #293: -1
Case #294: 27 1 1 1 1 1 1 1 1 1 1 1 1 1 1 1 1 1 1 1 1 1 1 1 1 2 2 13
Case #295: 15 1 1 1 1 2 2 2 2 2 2 2 2 3 5 13
Case #296: -1
Case #297: 16 1 1 1 1 1 2 2 2 2 2 3 3 3 3 3 11
Case #298: 19 1 1 1 1 1 1 1 1 1 1 1 2 2 2 2 3 3 3 13
Case #299: 13 1 1 1 1 2 2 2 2 2 2 3 5 17
Case #300: 34 1 1 1 1 1 1 1 1 1 1 1 1 1 1 1 1 1 1 1 1 1 1 1 1 1 1 1 1 1 1 1 1 1 8
Case #301: -1
Case #302: 32 1 1 1 1 1 1 1 1 1 1 1 1 1 1 1 1 1 1 1 1 1 1 1 1 1 1 1 1 2 3 3 5
Case #303: -1
Case #304: 25 1 1 1 1 1 1 1 1 1 1 1 1 1 1 1 1 1 1 2 2 2 2 5 5 5
Case #305: 28 1 1 1 1 1 1 1 1 1 1 1 1 1 1 1 1 1 1 1 1 1 1 1 1 1 2 3 11
Case #306: 24 1 1 1 1 1 1 1 1 1 1 1 1 1 2 2 2 2 2 2 2 3 3 3 5
Case #307: 18 1 1 1 1 1 1 1 2 2 2 2 2 2 2 3 3 3 11
Case #308: -1
Case #309: 26 1 1 1 1 1 1 1 1 1 1 1 1 1 1 1 1 1 1 1 1 1 1 1 2 5 11
Case #310: 18 1 1 1 1 1 1 1 1 1 2 2 2 2 2 3 3 5 11
Case #311: 16 1 1 1 1 2 2 2 2 2 2 2 2 2 3 5 11
Case #312: 31 1 1 1 1 1 1 1 1 1 1 1 1 1 1 1 1 1 1 1 1 1 1 1 1 1 1 1 3 3 3 5
Case #313: -1
Case #314: -1
Case #315: 34 1 1 1 1 1 1 1 1 1 1 1 1 1 1 1 1 1 1 1 1 1 1 1 1 1 1 1 1 2 2 2 2 2 3
Case #316: 12 1 1 2 2 2 2 2 3 5 5 5 11
Case #317: -1
Case #318: 17 1 1 1 1 1 1 2 2 2 2 2 2 3 3 3 3 11
Case #319: -1
Case #320: 14 1 1 1 1 2 2 2 2 2 2 2 5 7 11
Case #321: 20 1 1 1 1 1 1 1 1 1 1 1 1 1 2 2 2 3 3 5 11
Case #322: 34 1 1 1 1 1 1 1 1 1 1 1 1 1 1 1 1 1 1 1 1 1 1 1 1 1 1 1 1 1 2 2 2 3 3
Case #323: 15 1 1 1 1 1 2 2 2 2 3 5 5 5 5 5
Case #324: 14 1 1 1 2 2 2 2 2 2 2 3 3 7 11
Case #325: 14 1 1 1 1 1 2 2 2 3 3 3 3 5 13
Case #326: 15 1 1 1 1 1 2 2 2 2 2 2 3 5 5 11
Case #327: -1
Case #328: 25 1 1 1 1 1 1 1 1 1 1 1 1 1 1 1 1 1 1 2 2 2 2 3 5 7
Case #329: -1
Case #330: 14 1 1 1 1 2 2 2 2 2 3 3 3 7 11
Case #331: -1
Case #332: 20 1 1 1 1 1 1 1 1 1 1 1 1 1 1 1 1 1 2 5 17
Case #333: 20 1 1 1 1 1 1 2 2 2 2 2 2 2 3 3 3 3 3 3 3
Case #334: -1
Case #335: 20 1 1 1 1 1 1 1 1 1 1 1 2 2 2 3 3 3 3 5 7
Case #336: 14 1 1 1 1 1 2 2 2 3 3 3 3 7 11
Case #337: 20 1 1 1 1 1 1 1 1 1 1 1 1 1 1 1 2 3 3 7 11
Case #338: 20 1 1 1 1 1 1 1 1 1 1 1 1 2 2 2 3 3 3 3 11
Case #339: 13 1 1 1 1 1 1 1 1 1 1 7 11 13
Case #340: 14 1 1 1 1 1 1 1 2 2 2 5 5 7 11
Case #341: -1
Case #342: 18 1 1 1 1 2 2 2 2 2 2 2 2 2 2 2 5 5 5
Case #343: 22 1 1 1 1 1 1 1 1 1 1 1 2 2 2 2 2 2 2 3 3 3 7
Case #344: 12 1 1 2 2 2 3 5 5 5 5 5 5
Case #345: 13 1 1 1 1 1 1 2 2 3 3 5 7 13
Case #346: 22 1 1 1 1 1 1 1 1 1 1 2 2 2 2 2 2 2 2 2 3 3 7
Case #347: 21 1 1 1 1 1 1 1 1 1 1 1 1 2 2 2 2 2 2 3 7 7
Case #348: 21 1 1 1 1 1 1 1 1 1 1 1 1 1 2 2 2 2 3 3 7 7
Case #349: -1
Case #350: 10 1 1 1 1 2 3 3 5 11 13
Case #351: 23 1 1 1 1 1 1 1 1 1 1 2 2 2 2 2 2 2 2 2 2 3 3 5
Case #352: -1
Case #353: -1
Case #354: -1
Case #355: 17 1 1 1 1 1 1 1 1 1 2 2 2 2 2 2 3 17
Case #356: 16 1 1 1 1 1 1 1 2 2 2 3 3 3 3 5 11
Case #357: 16 1 1 1 1 1 1 2 2 2 3 3 3 3 3 7 7
Case #358: 18 1 1 1 1 1 1 1 2 2 2 2 2 3 3 3 3 5 7
Case #359: 8 1 1 2 2 2 3 11 19
Case #360: 23 1 1 1 1 1 1 1 1 1 1 1 1 1 1 1 1 1 3 3 3 5 5 5
Case #361: 22 1 1 1 1 1 1 1 1 1 1 1 1 1 1 1 2 3 3 3 5 5 5
Case #362: 19 1 1 1 1 1 1 1 1 1 1 1 1 1 1 1 1 1 7 17
Case #363: 12 1 1 1 2 3 3 3 3 5 5 7 7
Case #364: 15 1 1 1 1 1 2 2 2 2 2 2 3 3 5 13
Case #365: -1
Case #366: 14 1 1 1 1 1 2 2 2 2 2 3 3 3 17
Case #367: 11 1 1 2 2 2 2 3 7 7 7 7
Case #368: 15 1 1 1 1 1 2 2 3 3 3 3 3 3 3 11
Case #369: -1
Case #370: 21 1 1 1 1 1 1 1 1 1 2 2 2 2 2 2 3 3 3 3 3 5
Case #371: 11 1 1 2 2 2 2 2 2 3 5 19
Case #372: 10 1 1 1 1 1 1 1 1 2 31
Case #373: 20 1 1 1 1 1 1 1 1 2 2 2 3 3 3 3 3 3 3 3 3
Case #374: -1
Case #375: 21 1 1 1 1 1 1 1 1 1 1 1 1 1 1 1 1 1 1 2 2 19
Case #376: 18 1 1 1 1 1 1 1 1 1 1 2 2 2 3 3 3 3 13
Case #377: 10 1 1 2 2 2 3 5 7 7 11
Case #378: -1
Case #379: 18 1 1 1 1 1 1 1 1 1 1 1 1 1 1 1 1 1 24
Case #380: -1
Case #381: -1
Case #382: 23 1 1 1 1 1 1 1 1 1 1 1 1 1 1 1 1 1 1 1 1 1 7 13
Case #383: 17 1 1 1 1 1 2 2 3 3 3 3 3 3 3 3 3 5
Case #384: 7 1 1 1 5 7 7 19
Case #385: 27 1 1 1 1 1 1 1 1 1 1 1 1 1 1 1 1 1 1 1 1 1 3 3 3 3 3 5
Case #386: 21 1 1 1 1 1 1 1 1 1 1 1 1 1 1 1 1 1 1 1 3 19
Case #387: -1
Case #388: 25 1 1 1 1 1 1 1 1 1 1 1 1 1 1 1 1 2 2 2 2 2 2 3 3 7
Case #389: 13 1 1 1 1 1 1 2 2 2 2 3 5 19
Case #390: 23 1 1 1 1 1 1 1 1 1 1 1 1 1 1 1 1 2 2 2 2 3 3 11
Case #391: 16 1 1 1 1 1 1 1 1 2 2 2 3 3 3 5 13
Case #392: 18 1 1 1 1 1 1 1 1 2 2 2 3 3 3 3 3 5 7
Case #393: -1
Case #394: 18 1 1 1 1 1 1 1 1 1 1 1 2 3 3 5 5 5 7
Case #395: 17 1 1 1 1 1 1 1 2 2 3 3 3 3 3 3 5 7
Case #396: 20 1 1 1 1 1 2 2 2 2 2 2 2 2 2 2 2 3 3 3 5
Case #397: 31 1 1 1 1 1 1 1 1 1 1 1 1 1 1 1 1 1 1 1 1 1 1 2 2 2 2 2 2 2 2 3
Case #398: 16 1 1 1 1 1 1 1 1 1 2 2 2 5 5 5 11
Case #399: -1
Case #400: 23 1 1 1 1 1 1 1 1 1 1 2 2 2 2 2 2 2 2 3 3 3 3 3
Case #401: 16 1 1 1 1 1 2 2 2 2 2 2 2 3 5 7 7
Case #402: 16 1 1 1 1 1 1 1 2 3 3 3 3 3 5 5 7
Case #403: 13 1 1 1 1 1 2 2 3 3 3 5 7 11
Case #404: 21 1 1 1 1 1 1 1 1 1 1 2 2 2 2 2 2 3 3 3 5 5
Case #405: 16 1 1 1 1 1 1 1 1 1 2 2 2 3 5 7 11
Case #406: 10 1 1 1 1 2 3 3 5 5 19
Case #407: 21 1 1 1 1 1 1 1 1 1 1 1 2 2 2 2 3 3 3 3 3 7
Case #408: 22 1 1 1 1 1 1 1 1 1 1 1 1 2 2 2 2 2 2 2 3 5 7
Case #409: 22 1 1 1 1 1 1 1 1 1 1 1 1 1 1 2 2 2 3 3 5 5 5
Case #410: 27 1 1 1 1 1 1 1 1 1 1 1 1 1 1 1 1 1 1 1 1 1 1 3 3 3 3 7
Case #411: 25 1 1 1 1 1 1 1 1 1 1 1 1 1 1 1 1 1 1 1 1 1 1 1 1 17
Case #412: 22 1 1 1 1 1 1 1 1 2 2 2 2 2 2 2 2 2 2 2 3 3 5
Case #413: 19 1 1 1 1 1 1 1 1 1 1 1 1 2 2 2 2 3 5 13
Case #414: 26 1 1 1 1 1 1 1 1 1 1 1 1 2 2 2 2 2 2 2 2 2 2 2 2 2 3
Case #415: 22 1 1 1 1 1 1 1 1 2 2 2 2 2 2 2 2 2 3 3 3 3 3
Case #416: 21 1 1 1 1 1 1 1 1 1 1 1 1 1 1 1 3 3 5 5 5 5
Case #417: 11 1 1 1 1 1 2 2 3 3 7 19
Case #418: -1
Case #419: 9 1 1 1 1 1 1 1 1 33
Case #420: 28 1 1 1 1 1 1 1 1 1 1 1 1 1 1 1 1 1 1 2 2 2 2 2 2 2 3 3 3
Case #421: -1
Case #422: 13 1 1 1 1 2 2 3 3 3 5 5 7 7
Case #423: -1
Case #424: 25 1 1 1 1 1 1 1 1 1 1 1 1 1 1 1 1 2 2 2 2 3 3 3 3 5
Case #425: 27 1 1 1 1 1 1 1 1 1 1 1 1 1 1 1 1 1 1 1 2 2 2 2 2 2 5 5
Case #426: 25 1 1 1 1 1 1 1 1 1 1 1 1 1 1 1 1 2 2 3 3 3 3 3 3 3
Case #427: 17 1 1 1 1 1 2 2 2 2 2 2 3 3 3 5 5 5
Case #428: 16 1 1 1 1 1 1 1 2 2 2 3 3 5 5 5 7
Case #429: 19 1 1 1 1 1 1 1 1 2 2 3 3 3 3 3 3 3 3 5
Case #430: 26 1 1 1 1 1 1 1 1 1 1 1 1 1 1 1 1 1 1 2 2 2 2 2 3 3 7
Case #431: -1
Case #432: 26 1 1 1 1 1 1 1 1 1 1 1 1 1 1 1 1 1 2 2 2 2 2 2 2 3 7
Case #433: -1
Case #434: 23 1 1 1 1 1 1 1 1 1 1 1 2 2 2 2 2 2 2 2 2 2 5 5
Case #435: 26 1 1 1 1 1 1 1 1 1 1 1 1 1 1 1 1 1 1 1 1 1 1 1 2 3 13
Case #436: 15 1 1 1 1 2 2 2 2 3 3 3 3 5 5 7
Case #437: 29 1 1 1 1 1 1 1 1 1 1 1 1 1 1 1 1 1 1 1 1 1 1 1 1 1 3 3 3 7
Case #438: 20 1 1 1 1 1 1 1 1 1 1 1 2 2 2 2 2 5 5 5 5
Case #439: 23 1 1 1 1 1 1 1 1 1 1 1 1 1 1 1 1 1 1 3 3 3 7 7
Case #440: 21 1 2 2 2 2 2 2 2 2 2 2 2 2 2 2 2 2 2 2 2 2
Case #441: 20 1 1 1 1 1 1 1 1 1 1 2 2 2 3 3 3 3 3 5 5
Case #442: 16 1 1 1 1 1 2 2 2 2 2 2 2 5 5 5 7
Case #443: 19 1 1 1 1 1 2 2 2 2 2 2 2 2 3 3 3 3 3 5
Case #444: 20 1 1 1 2 2 2 2 2 2 2 2 2 2 2 2 2 2 2 3 5
Case #445: 16 1 1 1 1 1 1 1 2 2 2 2 2 3 3 7 11
Case #446: 20 1 1 1 1 1 1 1 1 1 2 2 2 2 2 2 2 3 5 5 5
Case #447: 10 1 1 1 2 3 3 3 5 11 11
Case #448: 16 1 1 1 1 1 1 1 1 2 2 2 2 2 3 3 17
Case #449: -1
Case #450: 6 2 3 5 7 11 13
Case #451: 21 1 1 1 1 1 1 1 1 1 1 1 1 2 2 2 2 3 3 3 5 7
Case #452: -1
Case #453: 23 1 1 1 1 1 1 1 1 2 2 2 2 2 2 2 2 2 2 2 2 3 3 3
Case #454: 4 1 1 1 38
Case #455: 12 1 1 1 2 3 3 3 3 3 5 5 11
Case #456: 7 1 1 1 1 1 1 35
Case #457: 19 1 1 1 1 1 1 2 2 2 2 3 3 3 3 3 3 3 3 3
Case #458: -1
Case #459: 25 1 1 1 1 1 1 1 1 1 1 1 1 1 1 1 1 1 2 2 2 2 3 3 5 5
Case #460: 24 1 1 1 1 1 1 1 1 1 1 1 1 1 1 2 2 2 2 2 2 2 3 3 7
Case #461: 20 1 1 1 1 1 1 1 1 1 1 2 2 2 2 2 2 2 3 7 7
Case #462: 21 1 1 1 1 1 1 1 1 1 1 1 1 1 1 1 1 1 1 1 1 21
Case #463: 20 1 1 1 1 1 1 1 1 1 1 1 2 2 2 2 2 3 5 5 7
Case #464: -1
Case #465: 15 1 1 2 2 2 2 2 2 2 2 3 5 5 5 5
Case #466: 19 1 1 1 1 1 1 1 1 1 1 2 2 2 2 3 3 3 3 11
Case #467: 19 1 1 1 1 1 1 1 1 1 3 3 3 3 3 3 3 3 3 5
Case #468: 22 1 1 1 1 1 1 1 1 1 1 2 2 2 2 2 3 3 3 3 3 3 3
Case #469: 16 1 1 2 2 2 2 2 2 2 2 2 2 2 3 7 7
Case #470: 18 1 1 1 1 1 2 2 2 2 2 2 2 2 2 3 3 5 7
Case #471: 21 1 1 1 1 1 1 1 1 1 1 1 1 1 2 2 2 2 5 5 5 5
Case #472: 15 1 1 1 1 1 2 2 3 3 3 3 3 3 7 7
Case #473: -1
Case #474: -1
Case #475: -1
Case #476: 14 1 1 1 2 2 2 2 2 3 5 5 5 5 5
Case #477: 15 1 1 1 1 2 2 2 2 2 2 5 5 5 5 5
Case #478: 12 1 1 1 1 1 1 1 1 1 1 1 30
Case #479: 18 1 1 1 1 1 1 1 1 1 1 2 2 2 2 2 3 7 11
Case #480: 27 1 1 1 1 1 1 1 1 1 1 1 1 1 1 1 1 1 1 1 2 2 2 2 3 3 3 5
Case #481: 29 1 1 1 1 1 1 1 1 1 1 1 1 1 1 1 1 1 1 1 1 1 1 1 1 1 1 2 2 11
Case #482: 10 1 1 1 1 2 2 2 3 11 17
Case #483: 12 1 1 1 2 2 2 2 2 3 3 5 17
Case #484: 18 1 1 1 1 1 2 2 2 2 2 2 2 3 3 3 3 3 7
Case #485: 10 1 1 2 2 2 2 2 3 13 13
Case #486: 21 1 1 1 1 1 1 1 1 1 1 2 2 2 2 2 2 2 2 3 5 7
Case #487: 23 1 1 1 1 1 1 1 1 1 1 1 1 1 2 2 2 2 2 2 3 3 3 7
Case #488: 19 1 1 1 1 1 1 1 1 1 2 2 3 3 3 3 3 3 5 5
Case #489: 26 1 1 1 1 1 1 1 1 1 1 1 1 1 1 1 1 1 2 2 2 2 2 3 3 3 5
Case #490: 16 1 1 1 1 1 1 2 2 2 2 2 3 5 5 5 7
Case #491: 29 1 1 1 1 1 1 1 1 1 1 1 1 1 1 1 1 1 1 1 1 1 1 1 1 1 1 5 5 5
Case #492: 31 1 1 1 1 1 1 1 1 1 1 1 1 1 1 1 1 1 1 1 1 1 1 1 2 2 2 2 2 2 3 3
Case #493: 28 1 1 1 1 1 1 1 1 1 1 1 1 1 1 1 1 2 2 2 2 2 2 2 2 2 2 2 3
Case #494: -1
Case #495: 12 1 1 1 2 2 2 3 3 3 5 5 13
Case #496: 23 1 1 1 1 1 1 1 1 1 1 1 1 1 2 2 2 2 3 3 3 3 3 5
Case #497: 17 1 1 1 1 2 2 2 2 2 2 2 2 2 2 3 7 7
Case #498: -1
Case #499: 21 1 1 1 1 1 1 1 1 1 1 1 1 1 1 2 2 3 3 5 5 7
Case #500: -1
Case #501: 38 1 1 1 1 1 1 1 1 1 1 1 1 1 1 1 1 1 1 1 1 1 1 1 1 1 1 1 1 1 1 1 1 1 1 1 1 1 4
Case #502: -1
Case #503: 21 1 1 2 2 2 2 2 2 2 2 2 2 2 2 2 2 2 2 2 2 3
Case #504: 37 1 1 1 1 1 1 1 1 1 1 1 1 1 1 1 1 1 1 1 1 1 1 1 1 1 1 1 1 1 1 1 1 1 1 1 1 5
Case #505: -1
Case #506: -1
Case #507: 14 1 1 1 1 1 1 1 2 3 3 3 5 5 13
Case #508: -1
Case #509: 24 1 1 1 1 1 1 1 1 1 1 1 1 1 1 1 1 2 3 3 3 3 3 3 5
Case #510: 17 1 1 1 1 1 1 1 1 2 2 3 3 3 3 3 3 11
Case #511: 20 1 1 1 1 1 1 1 1 1 1 2 2 2 3 3 3 3 3 3 7
Case #512: -1
Case #513: -1
Case #514: 17 1 1 1 1 1 1 1 1 1 2 2 2 2 2 2 7 13
Case #515: 22 1 1 1 1 1 1 1 1 1 1 1 1 1 1 2 2 2 2 2 5 5 7
Case #516: 27 1 1 1 1 1 1 1 1 1 1 1 1 1 1 1 1 1 1 2 2 2 2 2 2 3 3 5
Case #517: 13 1 1 1 1 1 1 1 2 2 5 5 7 13
Case #518: 16 1 1 1 1 1 1 1 1 1 1 2 3 3 5 7 11
Case #519: 17 1 1 1 1 1 1 1 1 1 1 1 2 2 3 5 7 11
Case #520: -1
Case #521: 16 1 1 1 2 2 2 2 2 3 3 3 3 3 3 5 5
Case #522: 15 1 1 1 1 1 1 1 1 1 2 2 2 2 7 17
Case #523: 14 1 1 1 2 2 2 3 3 3 3 5 5 5 5
Case #524: 9 1 1 1 1 1 1 1 3 31
Case #525: -1
Case #526: 19 1 1 1 1 1 1 1 1 2 2 2 2 3 3 3 3 3 3 7
Case #527: 22 1 1 1 1 1 1 1 1 1 1 1 1 1 1 1 1 1 1 1 2 3 17
Case #528: 21 1 1 1 1 1 1 2 2 2 2 2 2 2 2 2 2 2 2 2 2 7
Case #529: 30 1 1 1 1 1 1 1 1 1 1 1 1 1 1 1 1 1 1 1 1 1 1 1 1 2 2 2 2 2 7
Case #530: 22 1 1 1 1 1 1 1 1 1 1 1 2 2 2 2 2 3 3 3 3 3 5
Case #531: 14 1 1 1 1 2 2 2 2 2 2 2 3 7 13
Case #532: -1
Case #533: -1
Case #534: 10 1 1 1 1 1 1 1 1 1 32
Case #535: 21 1 1 1 1 1 2 2 2 2 2 2 2 2 2 2 2 2 3 3 3 3
Case #536: 20 1 1 1 1 1 1 1 1 2 2 2 2 2 3 3 3 3 3 3 5
Case #537: 21 1 1 1 1 1 1 1 1 1 2 2 2 2 2 2 2 2 3 3 3 7
Case #538: -1
Case #539: 19 1 1 1 1 1 1 1 1 1 2 2 2 2 3 3 3 5 5 5
Case #540: 25 1 1 1 1 1 1 1 1 1 1 1 1 1 1 1 1 1 1 1 1 2 2 5 5 7
Case #541: -1
Case #542: 21 1 1 1 1 1 1 1 1 1 2 2 2 2 3 3 3 3 3 3 3 3
Case #543: 26 1 1 1 1 1 1 1 1 1 1 1 1 1 1 1 1 2 2 2 2 2 2 2 2 2 7
Case #544: 3 1 3 37
Case #545: 25 1 1 1 1 1 1 1 1 1 1 1 1 1 1 1 1 1 1 1 1 1 3 3 7 7
Case #546: 25 1 1 1 1 1 1 1 1 1 1 1 1 1 1 1 1 1 1 2 2 3 3 3 3 7
Case #547: 25 1 1 1 1 1 1 1 1 1 1 1 1 1 1 1 1 1 1 1 3 3 3 3 5 5
Case #548: -1
Case #549: -1
Case #550: 21 1 1 1 1 1 1 1 1 1 1 1 1 1 2 2 2 2 3 5 5 7
Case #551: 20 1 1 1 1 1 1 1 1 1 2 2 2 2 2 2 2 3 3 5 7
Case #552: 15 1 1 1 1 1 1 2 2 2 2 5 5 5 5 7
Case #553: 22 1 1 1 1 1 1 1 1 1 1 1 1 1 1 1 2 2 2 3 3 3 11
Case #554: 18 1 1 1 1 1 1 1 1 1 2 2 2 3 3 3 5 5 7
Case #555: 17 1 1 1 1 1 1 1 2 2 2 2 3 3 3 3 3 11
Case #556: -1
Case #557: 20 1 1 1 1 1 1 1 1 1 1 1 1 2 2 2 2 2 3 5 11
Case #558: 5 1 1 1 1 37
Case #559: 28 1 1 1 1 1 1 1 1 1 1 1 1 1 1 1 1 1 1 1 1 1 1 2 3 3 3 3 5
Case #560: 17 1 1 1 1 1 1 1 2 2 2 2 2 2 3 5 7 7
Case #561: 17 1 1 1 1 1 1 1 2 2 2 2 3 3 3 3 7 7
Case #562: 32 1 1 1 1 1 1 1 1 1 1 1 1 1 1 1 1 1 1 1 1 1 1 1 1 1 2 2 2 2 2 3 3
Case #563: 14 1 1 1 2 2 2 2 2 2 2 3 3 5 13
Case #564: 19 1 1 1 1 1 1 1 2 2 2 2 2 2 2 2 2 2 3 11
Case #565: 11 1 1 1 1 2 2 2 2 3 3 23
Case #566: 34 1 1 1 1 1 1 1 1 1 1 1 1 1 1 1 1 1 1 1 1 1 1 1 1 1 1 1 1 1 1 2 3 3 3
Case #567: 20 1 1 1 1 1 1 1 1 1 1 1 1 1 1 1 1 2 3 7 13
Case #568: 14 1 1 1 2 3 3 3 3 3 3 3 3 5 7
Case #569: 14 1 1 1 2 2 2 2 2 2 2 3 5 5 11
Case #570: 33 1 1 1 1 1 1 1 1 1 1 1 1 1 1 1 1 1 1 1 1 1 1 1 1 1 1 1 1 2 2 3 3 3
Case #571: 17 1 1 1 1 1 1 1 1 2 2 2 2 3 5 5 5 7
Case #572: 19 1 1 1 1 1 2 2 2 2 2 2 2 2 2 2 3 3 3 7
Case #573: 13 1 1 1 2 2 2 2 3 3 3 5 5 11
Case #574: -1
Case #575: 22 1 1 1 1 1 1 1 2 2 2 2 2 2 2 2 2 2 2 3 3 3 3
Case #576: 20 1 1 1 1 1 1 2 2 2 2 2 2 2 2 2 2 2 3 3 7
Case #577: 27 1 1 1 1 1 1 1 1 1 1 1 1 1 1 1 1 1 1 1 1 1 1 1 1 1 1 15
Case #578: -1
Case #579: 13 1 1 1 1 1 2 2 3 3 3 3 3 17
Case #580: 30 1 1 1 1 1 1 1 1 1 1 1 1 1 1 1 1 1 1 1 1 1 1 2 2 2 2 2 3 3 3
Case #581: 22 1 1 1 1 1 1 1 1 1 1 1 1 1 1 2 3 3 3 3 3 5 5
Case #582: 22 1 1 1 1 1 1 1 1 1 1 1 1 1 1 2 2 2 2 2 3 7 7
Case #583: 18 1 1 1 1 1 1 2 2 2 2 2 3 3 3 3 3 3 7
Case #584: 33 1 1 1 1 1 1 1 1 1 1 1 1 1 1 1 1 1 1 1 1 1 1 1 1 1 1 1 1 1 1 3 3 5
Case #585: 23 1 1 1 1 1 1 1 1 1 1 1 1 1 1 1 2 2 3 3 3 3 5 5
Case #586: -1
Case #587: 20 1 1 1 1 1 1 1 2 2 2 2 2 2 2 2 2 3 3 5 5
Case #588: -1
Case #589: 25 1 1 1 1 1 1 1 1 1 1 1 1 1 1 1 1 1 1 1 2 2 3 3 5 7
Case #590: 17 1 1 1 1 1 1 2 2 2 2 2 2 2 2 3 3 13
Case #591: 25 1 1 1 1 1 1 1 1 1 1 1 1 1 2 2 2 2 2 2 2 2 3 3 3 3
Case #592: 22 1 1 1 1 1 1 1 1 1 1 1 1 1 1 1 1 2 2 2 5 7 7
Case #593: 17 1 1 1 1 1 2 2 2 2 3 3 3 3 3 3 5 5
Case #594: 12 1 1 2 2 2 2 2 3 5 7 7 7
Case #595: 34 1 1 1 1 1 1 1 1 1 1 1 1 1 1 1 1 1 1 1 1 1 1 1 1 1 1 1 2 2 2 2 2 2 2
Case #596: 19 1 1 1 1 1 1 1 1 1 1 1 2 2 2 2 3 3 5 11
Case #597: 13 1 1 1 1 2 2 3 3 3 3 5 5 11
Case #598: -1
Case #599: 27 1 1 1 1 1 1 1 1 1 1 1 1 1 1 1 1 1 1 1 1 1 1 2 2 3 5 7
Case #600: 21 1 1 1 1 1 1 1 1 1 1 1 1 1 1 2 2 2 2 3 5 11
Case #601: 20 1 1 1 1 1 1 1 1 2 2 2 2 2 2 2 2 2 3 5 7
Case #602: 30 1 1 1 1 1 1 1 1 1 1 1 1 1 1 1 1 1 1 1 1 1 1 1 1 1 1 1 2 5 7
Case #603: 19 1 1 1 1 1 1 1 1 1 1 1 1 1 1 1 1 1 5 19
Case #604: 18 1 1 1 1 1 1 1 1 1 2 2 2 2 2 2 2 5 13
Case #605: 18 1 1 1 1 1 1 1 1 1 2 2 2 2 2 3 3 3 13
Case #606: 17 1 1 1 1 2 2 2 2 2 2 2 2 3 3 5 5 5
Case #607: 22 1 1 1 1 1 1 1 1 1 1 1 1 2 2 2 2 2 3 3 3 5 5
Case #608: 22 1 1 1 1 2 2 2 2 2 2 2 2 2 2 2 2 2 2 2 2 2 3
Case #609: 17 1 1 1 1 1 2 2 2 2 2 2 2 2 3 3 3 11
Case #610: 18 1 1 1 1 1 1 2 2 2 2 2 2 2 3 3 5 5 5
Case #611: -1
Case #612: 13 1 1 1 1 1 2 2 2 2 3 3 5 17
Case #613: -1
Case #614: 35 1 1 1 1 1 1 1 1 1 1 1 1 1 1 1 1 1 1 1 1 1 1 1 1 1 1 1 1 1 1 1 1 1 1 7
Case #615: 22 1 1 1 1 1 1 1 1 1 1 1 1 2 2 2 3 3 3 3 3 3 5
Case #616: 13 1 1 1 1 1 1 1 1 1 1 5 7 19
Case #617: 20 1 1 1 1 1 1 2 2 2 2 2 2 2 2 2 3 3 3 3 5
Case #618: 17 1 1 1 1 1 1 1 1 1 1 1 1 1 1 1 1 25
Case #619: 40 1 1 1 1 1 1 1 1 1 1 1 1 1 1 1 1 1 1 1 1 1 1 1 1 1 1 1 1 1 1 1 1 1 1 1 1 1 1 1 2
Case #620: 23 1 1 1 1 1 1 1 1 1 1 1 1 1 1 1 2 2 2 2 3 3 5 7
Case #621: -1
Case #622: 13 1 1 1 1 1 2 2 2 2 3 5 7 13
Case #623: -1
Case #624: 18 1 1 1 1 1 1 2 2 2 2 2 2 2 2 2 3 3 11
Case #625: 23 1 1 1 1 1 1 1 1 1 1 1 1 2 2 2 2 2 2 2 2 3 3 7
Case #626: 16 1 1 1 1 2 2 2 2 2 3 3 3 3 5 5 5
Case #627: 19 1 1 1 1 1 1 1 1 1 2 2 2 2 2 2 3 3 3 11
Case #628: 15 1 1 1 1 1 1 1 1 1 2 2 2 2 5 19
Case #629: 14 1 1 1 1 1 2 2 2 3 3 3 5 5 11
Case #630: 23 1 1 1 1 1 1 1 1 1 2 2 2 2 2 2 2 2 2 2 3 3 3 3
Case #631: 17 1 1 1 1 1 1 1 1 1 2 2 3 3 3 5 7 7
Case #632: 14 1 1 1 1 1 2 2 2 3 5 5 5 5 7
Case #633: 31 1 1 1 1 1 1 1 1 1 1 1 1 1 1 1 1 1 1 1 1 1 1 1 1 1 1 1 2 2 3 7
Case #634: 17 1 1 1 1 2 2 2 2 2 2 3 3 3 3 3 5 5
Case #635: 21 1 1 1 1 1 1 2 2 2 2 2 2 2 2 2 2 2 2 3 3 5
Case #636: 26 1 1 1 1 1 1 1 1 1 1 1 1 1 1 1 1 1 1 1 2 2 2 3 3 5 5
Case #637: -1
Case #638: -1
Case #639: -1
Case #640: 24 1 1 1 1 1 1 1 1 1 1 1 1 1 1 1 1 2 2 2 2 2 5 5 5
Case #641: 24 1 1 1 1 1 1 1 1 1 1 1 1 1 1 1 1 1 1 2 3 3 3 5 7
Case #642: 17 1 1 1 1 1 1 1 1 2 2 3 3 3 5 5 5 5
Case #643: -1
Case #644: 20 1 1 1 1 2 2 2 2 2 2 2 2 2 2 2 2 2 3 3 5
Case #645: 20 1 1 1 1 1 1 1 1 1 1 1 2 2 2 2 2 3 3 3 11
Case #646: 26 1 1 1 1 1 1 1 1 1 1 1 1 1 2 2 2 2 2 2 2 2 2 2 2 3 3
Case #647: 26 1 1 1 1 1 1 1 1 1 1 1 1 1 1 2 2 2 2 2 2 2 2 2 2 2 5
Case #648: 16 1 1 1 1 1 1 2 3 3 3 3 3 3 5 5 5
Case #649: 23 1 1 1 1 1 1 1 1 1 1 1 1 2 2 2 2 2 2 3 3 3 3 5
Case #650: -1
Case #651: 26 1 1 1 1 1 1 1 1 1 1 1 1 1 1 1 2 2 2 2 2 2 2 2 2 3 5
Case #652: 17 1 1 1 1 1 1 1 1 2 2 2 2 3 3 3 5 11
Case #653: -1
Case #654: 8 1 1 1 2 2 2 3 29
Case #655: -1
Case #656: 19 1 1 1 1 1 1 2 2 2 2 2 2 2 2 2 2 3 5 7
Case #657: 31 1 1 1 1 1 1 1 1 1 1 1 1 1 1 1 1 1 1 1 1 1 1 1 1 1 1 1 1 1 1 11
Case #658: 26 1 1 1 1 1 1 1 1 1 1 1 1 1 1 1 1 1 1 2 3 3 3 3 3 3 3
Case #659: 16 1 1 1 1 1 1 1 2 3 3 3 3 5 5 5 5
Case #660: 15 1 1 1 2 2 2 2 2 2 3 3 5 5 5 5
Case #661: 18 1 1 1 1 1 1 2 2 2 2 2 2 2 2 2 5 5 7
Case #662: 12 1 1 1 2 2 2 2 2 3 3 11 11
Case #663: 17 1 1 1 1 1 1 1 2 2 3 3 3 3 3 5 5 5
Case #664: 19 1 1 1 1 1 1 1 1 1 1 1 1 1 2 2 3 3 5 13
Case #665: -1
Case #666: 10 1 1 1 2 3 3 5 7 7 11
Case #667: 33 1 1 1 1 1 1 1 1 1 1 1 1 1 1 1 1 1 1 1 1 1 1 1 1 1 1 1 1 1 1 1 1 9
Case #668: 32 1 1 1 1 1 1 1 1 1 1 1 1 1 1 1 1 1 1 1 1 1 1 1 1 1 1 1 2 2 2 3 5
Case #669: 14 1 1 1 1 1 1 2 2 2 5 5 5 7 7
Case #670: 12 1 1 1 1 1 2 3 3 5 5 5 13
Case #671: -1
Case #672: -1
Case #673: 11 1 1 1 1 1 1 1 1 1 3 29
Case #674: 17 1 1 1 2 2 2 2 2 2 2 2 2 2 3 3 5 7
Case #675: 26 1 1 1 1 1 1 1 1 1 1 1 1 1 1 1 1 1 1 1 1 1 1 2 2 2 13
Case #676: 24 1 1 1 1 1 1 1 1 1 1 1 2 2 2 2 2 2 2 2 2 2 2 3 5
Case #677: -1
Case #678: 16 1 1 1 1 1 2 2 2 2 2 3 3 5 5 5 5
Case #679: 21 1 1 1 1 1 1 1 1 1 1 1 1 2 2 3 3 3 3 3 5 5
Case #680: 14 1 1 2 2 2 2 2 2 2 2 2 3 5 13
Case #681: -1
Case #682: 18 1 1 1 1 2 2 2 2 2 2 2 2 2 3 3 3 5 5
Case #683: 18 1 1 1 1 1 1 2 2 2 2 2 3 3 3 3 3 5 5
Case #684: 14 1 1 1 1 2 2 2 2 2 3 3 5 5 11
Case #685: 20 1 1 1 1 1 1 1 1 1 2 2 2 2 2 3 3 3 3 3 7
Case #686: 21 1 1 1 2 2 2 2 2 2 2 2 2 2 2 2 2 2 2 2 3 3
Case #687: 27 1 1 1 1 1 1 1 1 1 1 1 1 1 1 1 1 1 1 1 1 1 2 2 3 3 5 5
Case #688: 17 1 1 1 1 2 2 2 2 3 3 3 3 3 3 3 3 5
Case #689: -1
Case #690: 29 1 1 1 1 1 1 1 1 1 1 1 1 1 1 1 1 1 1 1 1 1 1 1 1 2 2 3 5 5
Case #691: 22 1 1 1 1 1 1 1 1 1 1 1 1 1 1 1 2 2 2 5 5 5 5
Case #692: 13 1 1 1 1 1 2 2 3 3 3 5 5 13
Case #693: 20 1 1 1 1 1 1 1 2 2 2 2 2 3 3 3 3 3 3 3 3
Case #694: 22 1 1 1 1 1 1 1 1 1 1 1 1 1 2 2 2 2 2 3 5 5 5
Case #695: -1
Case #696: 23 1 1 1 1 1 1 1 1 1 1 1 2 2 2 2 2 2 2 2 2 2 3 7
Case #697: 23 1 1 1 1 1 1 1 1 1 1 1 1 1 1 1 1 1 2 2 3 5 5 7
Case #698: 22 1 1 1 1 1 1 1 2 2 2 2 2 2 2 2 2 2 2 2 2 3 5
Case #699: -1
Case #700: 11 1 1 2 2 2 2 3 5 5 7 11
Case #701: 22 1 1 1 1 1 1 1 1 1 1 1 1 1 2 2 2 3 3 3 3 5 5
Case #702: 21 1 1 1 1 1 1 1 1 2 2 2 2 2 2 2 2 2 2 3 3 7
Case #703: 31 1 1 1 1 1 1 1 1 1 1 1 1 1 1 1 1 1 1 1 1 1 1 1 1 1 1 2 2 3 3 5
Case #704: 14 1 1 1 1 1 1 2 3 3 3 3 5 5 11
Case #705: -1
Case #706: 20 1 1 1 1 1 1 1 1 1 1 1 1 1 2 3 3 3 5 5 7
Case #707: 22 1 1 1 1 1 1 1 1 1 1 1 1 1 1 1 2 2 2 3 5 5 7
Case #708: 4 1 1 2 37
Case #709: 16 1 1 1 1 1 1 2 2 2 2 2 3 3 5 7 7
Case #710: 17 1 1 1 1 1 1 1 1 2 2 2 2 2 2 7 7 7
Case #711: 23 1 1 1 1 1 1 1 1 1 1 1 1 1 1 1 1 1 2 2 3 3 7 7
Case #712: -1
Case #713: 21 1 1 1 1 1 2 2 2 2 2 2 2 2 2 2 2 2 2 2 3 5
Case #714: 18 1 1 2 2 2 2 2 2 2 2 2 2 2 2 2 3 5 5
Case #715: -1
Case #716: 19 1 1 1 1 1 1 1 1 2 2 2 2 2 2 3 3 3 5 7
Case #717: 16 1 1 1 1 1 1 1 1 1 1 2 2 2 7 7 11
Case #718: 17 1 1 1 1 1 2 2 2 2 2 2 2 2 2 2 3 13
Case #719: 32 1 1 1 1 1 1 1 1 1 1 1 1 1 1 1 1 1 1 1 1 1 1 1 1 1 1 1 1 2 2 2 7
Case #720: 15 1 1 1 1 1 1 1 2 2 3 3 3 5 5 11
Case #721: 17 1 1 1 1 1 1 2 2 2 2 3 3 3 3 3 5 7
Case #722: 20 1 1 1 1 1 1 1 1 2 2 2 2 2 2 2 3 3 3 5 5
Case #723: 27 1 1 1 1 1 1 1 1 1 1 1 1 1 1 1 1 2 2 2 2 2 2 2 2 2 2 5
Case #724: 17 1 1 1 1 1 1 1 1 1 1 1 2 2 3 5 5 13
Case #725: 29 1 1 1 1 1 1 1 1 1 1 1 1 1 1 1 1 1 1 1 1 2 2 2 2 2 2 3 3 3
Case #726: 19 1 1 1 1 1 1 1 1 1 1 1 1 1 2 2 2 2 3 17
Case #727: 15 1 1 1 1 1 1 1 1 2 2 2 2 3 3 19
Case #728: 24 1 1 1 1 1 1 1 1 1 1 1 1 1 2 2 2 2 2 3 3 3 3 3 3
Case #729: 19 1 1 1 1 1 1 1 1 1 1 1 1 1 1 1 1 1 1 23
Case #730: 17 1 1 1 1 1 2 2 2 2 3 3 3 3 3 3 3 7
Case #731: 18 1 1 1 2 2 2 2 2 2 2 2 2 2 2 3 3 5 5
Case #732: -1
Case #733: -1
Case #734: 19 1 1 1 1 1 1 1 1 1 1 1 1 2 2 3 5 5 5 7
Case #735: 16 1 1 1 1 1 1 2 2 2 3 3 3 5 5 5 5
Case #736: 14 1 1 1 1 1 1 2 2 2 3 3 3 7 13
Case #737: 29 1 1 1 1 1 1 1 1 1 1 1 1 1 1 1 1 1 1 1 1 1 1 1 1 3 3 3 3 5
Case #738: -1
Case #739: 11 1 1 2 2 2 2 2 2 3 11 13
Case #740: -1
Case #741: 23 1 1 1 1 1 1 1 1 1 1 1 1 1 2 2 2 2 2 2 2 2 5 7
Case #742: 18 2 2 2 2 2 2 2 2 2 5 5 5 5 5 5 5 5 5
Case #743: 18 1 1 1 1 1 1 1 1 1 1 1 2 2 2 3 5 5 11
Case #744: -1
Case #745: 11 1 1 2 2 2 2 2 2 3 7 17
Case #746: -1
Case #747: 23 1 1 1 1 1 1 1 1 1 2 2 2 2 2 2 2 2 2 2 2 2 3 5
Case #748: -1
Case #749: 15 1 1 1 1 1 2 2 2 2 3 3 3 5 7 7
Case #750: -1
Case #751: 25 1 1 1 1 1 1 1 1 1 1 1 1 1 1 1 1 1 1 1 3 3 3 3 3 7
Case #752: 19 1 1 1 1 1 1 1 2 2 2 2 2 2 3 3 3 3 5 5
Case #753: 23 1 1 1 1 1 1 2 2 2 2 2 2 2 2 2 2 2 2 2 2 2 2 3
Case #754: 23 1 1 1 1 1 1 1 1 1 1 1 1 1 1 1 2 2 2 2 3 5 5 5
Case #755: 14 1 1 1 1 1 1 1 2 3 3 5 5 5 11
Case #756: 15 1 1 1 1 1 2 2 2 2 3 3 3 3 3 13
Case #757: 28 1 1 1 1 1 1 1 1 1 1 1 1 1 1 1 1 1 1 1 1 2 2 2 3 3 3 3 3
Case #758: 27 1 1 1 1 1 1 1 1 1 1 1 1 1 1 1 1 1 2 2 2 2 2 2 3 3 3 3
Case #759: 12 1 1 2 2 2 2 2 2 2 3 11 11
Case #760: -1
Case #761: 12 1 1 1 2 2 2 3 3 5 7 7 7
Case #762: 19 1 1 1 1 1 1 1 1 1 1 1 2 2 3 3 5 5 5 5
Case #763: 5 1 1 3 17 19
Case #764: 19 1 1 1 1 1 2 2 2 2 2 2 2 2 2 2 3 3 5 5
Case #765: 17 1 1 1 1 1 1 1 1 2 2 2 2 5 5 5 5 5
Case #766: 11 1 1 1 1 2 2 3 3 3 5 19
Case #767: 17 1 1 1 1 1 1 1 1 2 2 3 3 3 3 5 5 7
Case #768: 23 1 1 1 1 1 1 1 1 1 1 1 1 1 1 1 1 3 3 3 3 3 5 5
Case #769: 16 1 1 1 1 1 2 2 2 2 2 2 2 3 3 3 13
Case #770: 18 1 1 1 1 1 2 2 2 2 2 2 2 3 3 3 3 5 5
Case #771: 18 1 1 1 1 1 1 1 1 2 2 2 3 3 3 3 5 5 5
Case #772: 15 1 1 1 2 2 2 2 3 3 3 3 3 5 5 5
Case #773: 20 1 1 1 1 1 2 2 2 2 2 2 2 2 2 3 3 3 3 3 3
Case #774: 15 1 1 1 1 1 1 1 1 2 2 2 2 7 7 11
Case #775: -1
Case #776: 22 1 1 1 1 1 1 1 1 1 1 2 2 2 2 2 2 2 2 2 3 5 5
Case #777: -1
Case #778: 25 1 1 1 1 1 1 1 1 1 1 1 1 1 1 1 2 2 2 2 2 2 2 2 3 7
Case #779: 26 1 1 1 1 1 1 1 1 1 1 1 1 1 1 1 1 2 2 2 2 2 3 3 3 3 3
Case #780: 18 1 1 1 1 1 1 1 2 3 3 3 3 3 3 3 3 3 5
Case #781: -1
Case #782: 12 1 1 1 2 2 2 3 3 3 5 7 11
Case #783: 23 1 1 1 1 1 1 1 1 1 1 1 1 1 1 2 2 2 2 3 3 3 5 5
Case #784: 15 1 1 1 1 1 1 1 1 2 2 3 3 5 7 11
Case #785: 17 1 1 1 1 1 1 1 1 1 1 1 2 2 3 3 3 17
Case #786: 24 1 1 1 1 1 1 1 1 1 1 1 1 1 1 1 1 1 2 2 2 2 2 3 11
Case #787: 28 1 1 1 1 1 1 1 1 1 1 1 1 1 1 1 1 1 1 1 1 1 1 1 1 1 2 7 7
Case #788: 29 2 2 2 2 2 2 2 2 2 2 2 2 2 2 2 2 2 2 2 2 2 2 2 2 2 2 2 2 2
Case #789: -1
Case #790: 25 1 1 1 1 1 1 1 1 1 1 1 1 1 1 1 1 2 2 2 2 2 2 3 5 5
Case #791: 19 1 1 1 1 1 1 1 1 2 2 2 2 2 2 3 3 5 5 5
Case #792: 25 1 1 1 1 1 1 1 1 1 2 2 2 2 2 2 2 2 2 2 2 2 2 2 2 2
Case #793: 20 1 1 1 1 1 1 1 1 2 2 2 2 2 2 2 3 3 3 3 7
Case #794: -1
Case #795: 15 1 1 1 1 1 1 2 2 2 2 3 5 5 7 7
Case #796: 11 1 1 1 2 2 2 2 3 3 7 17
Case #797: -1
Case #798: -1
Case #799: 24 1 1 1 1 1 1 1 1 1 1 1 1 1 1 1 1 2 2 2 2 2 3 5 7
Case #800: 24 1 1 1 1 1 1 1 1 1 1 1 1 1 1 2 2 2 2 2 3 3 3 3 5
Case #801: 23 1 1 1 1 1 1 1 1 1 1 1 1 2 2 2 2 2 2 2 2 3 5 5
Case #802: 17 1 1 1 1 1 1 1 1 1 1 1 1 1 1 2 2 23
Case #803: 10 1 1 2 2 2 3 5 5 7 13
Case #804: 35 1 1 1 1 1 1 1 1 1 1 1 1 1 1 1 1 1 1 1 1 1 1 1 1 1 1 1 1 1 1 2 2 2 2 3
Case #805: 15 1 1 1 1 1 1 2 2 2 2 3 3 5 5 11
Case #806: 29 1 1 1 1 1 1 1 1 1 1 1 1 1 1 1 1 1 1 2 2 2 2 2 2 2 2 2 2 3
Case #807: 18 1 1 1 1 1 1 1 1 1 1 1 1 2 3 3 3 7 11
Case #808: 14 1 1 1 2 2 2 3 3 3 3 3 5 5 7
Case #809: 21 1 1 1 1 1 1 1 1 1 1 2 2 2 2 2 2 2 2 2 2 11
Case #810: 26 1 1 1 1 1 1 1 1 1 1 1 1 1 1 1 2 2 2 2 2 2 2 3 3 3 3
Case #811: 14 1 1 1 1 1 2 2 2 2 2 2 2 3 19
Case #812: 3 1 17 23
Case #813: 13 1 1 2 2 2 2 2 2 3 5 5 7 7
Case #814: 23 1 1 1 1 1 1 1 1 1 1 1 1 1 1 1 2 2 3 3 3 3 3 7
Case #815: 24 1 1 1 1 1 1 1 1 1 1 1 1 1 1 1 1 1 1 2 2 2 3 3 11
Case #816: 20 1 1 1 1 1 1 1 1 1 1 1 1 1 1 2 3 3 5 7 7
Case #817: 15 1 1 1 1 1 2 2 3 3 3 3 3 5 5 7
Case #818: 28 1 1 1 1 1 1 1 1 1 1 1 1 1 1 1 1 1 2 2 2 2 2 2 2 2 2 3 3
Case #819: 18 1 1 1 1 1 1 1 1 2 2 2 2 2 3 3 5 5 7
Case #820: 16 1 1 1 1 2 2 2 2 2 2 2 3 5 5 5 5
Case #821: -1
Case #822: 16 1 1 1 2 2 2 2 2 2 2 3 3 3 5 5 5
Case #823: 30 1 1 1 1 1 1 1 1 1 1 1 1 1 1 1 1 1 1 1 1 1 1 1 1 1 1 2 3 3 7
Case #824: 16 1 1 1 1 1 1 1 1 1 2 2 2 2 2 5 17
Case #825: 19 1 1 1 1 1 1 1 1 1 1 1 2 2 2 2 2 2 5 13
Case #826: 20 1 1 1 1 1 1 1 2 2 2 2 2 2 2 2 2 3 3 3 7
Case #827: 21 1 1 1 1 1 1 1 1 2 2 2 2 2 2 2 2 2 2 3 5 5
Case #828: 20 1 1 1 1 1 1 1 1 1 1 1 1 1 1 2 3 5 5 5 7
Case #829: -1
Case #830: 13 1 1 1 1 2 2 3 3 3 3 3 5 13
Case #831: 18 1 1 1 1 1 1 1 1 1 2 2 2 3 3 5 5 5 5
Case #832: -1
Case #833: 18 1 1 1 1 1 1 1 1 1 2 2 2 2 2 5 5 5 7
Case #834: 16 1 1 1 2 2 2 2 2 2 2 3 3 3 3 5 7
Case #835: 17 1 1 1 1 1 2 2 2 2 2 2 2 2 3 3 7 7
Case #836: 16 1 1 1 1 1 1 2 2 2 2 2 3 3 3 3 13
Case #837: 17 1 1 1 1 1 1 1 2 2 2 2 2 2 3 3 3 13
Case #838: 17 1 1 1 1 1 1 1 1 1 1 2 2 3 3 5 5 11
Case #839: 22 1 1 1 2 2 2 2 2 2 2 2 2 2 2 2 2 2 2 2 2 2 2
Case #840: 17 1 1 1 1 1 1 1 1 1 1 2 2 3 3 3 7 11
Case #841: -1
Case #842: 7 1 1 1 1 1 17 19
Case #843: 18 1 1 1 1 2 2 2 2 2 2 2 2 2 2 2 3 5 7
Case #844: 25 1 1 1 1 1 1 1 1 1 1 1 2 2 2 2 2 2 2 2 2 2 2 2 3 3
Case #845: -1
Case #846: 24 1 1 1 1 1 1 1 1 1 1 1 1 2 2 2 2 2 2 2 3 3 3 3 3
Case #847: 8 1 1 2 2 2 3 13 17
Case #848: 19 1 1 1 1 1 1 1 1 2 2 2 2 2 2 2 2 5 5 7
Case #849: 18 1 1 1 1 1 1 1 2 2 2 2 2 2 2 3 3 7 7
Case #850: 14 1 1 1 1 2 2 2 2 2 3 3 3 5 13
Case #851: 27 1 1 1 1 1 1 1 1 1 1 1 1 1 1 2 2 2 2 2 2 2 2 2 2 2 2 3
Case #852: 20 1 1 1 1 1 1 1 1 1 2 2 2 3 3 3 3 3 3 3 5
Case #853: 24 1 1 1 1 1 1 1 1 2 2 2 2 2 2 2 2 2 2 2 2 2 2 2 3
Case #854: 19 1 1 1 1 1 1 1 1 1 2 2 2 2 3 3 3 3 5 7
Case #855: 19 1 1 1 1 1 1 1 2 2 2 2 2 2 3 3 3 3 3 7
Case #856: 24 1 1 1 1 1 1 1 1 1 1 1 1 1 1 1 1 1 2 2 2 3 3 5 7
Case #857: 19 1 1 1 1 1 1 1 1 2 2 2 2 3 3 3 3 3 5 5
Case #858: -1
Case #859: 17 1 1 1 1 1 1 2 2 2 2 2 2 3 5 5 5 5
Case #860: 18 1 1 1 1 1 1 1 1 2 2 2 2 2 3 3 3 7 7
Case #861: 28 1 1 1 1 1 1 1 1 1 1 1 1 1 1 1 1 1 1 1 1 1 2 2 2 2 2 3 7
Case #862: 15 1 1 1 2 2 2 2 3 3 3 3 3 3 5 7
Case #863: 24 1 1 1 1 1 1 1 1 1 1 1 2 2 2 2 2 2 2 2 2 3 3 3 3
Case #864: 14 1 1 1 1 1 1 2 3 3 3 3 3 5 13
Case #865: 12 1 1 1 2 2 2 2 2 3 5 7 13
Case #866: 24 1 1 1 1 1 1 1 1 1 1 1 1 1 1 1 2 2 2 2 2 3 3 5 5
Case #867: 20 1 1 1 1 1 1 1 1 1 1 1 1 1 1 1 1 1 1 1 22
Case #868: 23 1 1 1 1 1 1 1 1 1 1 1 1 1 1 1 1 1 1 2 2 3 3 13
Case #869: 24 1 1 1 1 1 1 1 1 1 1 1 1 1 1 2 2 2 2 2 2 2 3 5 5
Case #870: 14 1 1 1 1 1 1 2 2 2 3 3 3 3 17
Case #871: 15 1 1 1 1 1 1 1 1 1 1 1 1 1 5 23
Case #872: 14 1 1 1 1 1 1 2 2 2 3 3 5 5 13
Case #873: 13 1 1 1 1 1 2 2 3 3 3 3 7 13
Case #874: 13 1 1 1 1 1 1 2 2 3 5 5 7 11
Case #875: 12 1 1 1 1 2 3 3 5 5 5 7 7
Case #876: 12 2 2 2 2 2 2 5 5 5 5 5 5
Case #877: 17 1 1 1 1 1 1 1 1 1 2 2 3 3 3 3 5 11
Case #878: 12 1 1 1 2 3 3 3 5 5 5 5 7
Case #879: 16 1 1 1 1 1 1 1 1 1 2 2 2 2 2 3 19
Case #880: 25 1 1 1 1 1 1 1 1 1 1 1 1 1 1 1 1 1 1 1 1 1 1 3 3 13
Case #881: -1
Case #882: -1
Case #883: -1
Case #884: -1
Case #885: 16 1 1 1 1 1 1 1 1 1 1 1 2 3 3 5 17
Case #886: 18 1 1 1 1 1 1 2 2 2 3 3 3 3 3 3 3 3 5
Case #887: -1
Case #888: -1
Case #889: 16 1 1 1 1 1 1 1 2 2 2 3 3 3 5 7 7
Case #890: 19 1 1 1 1 1 1 2 2 2 2 2 2 3 3 3 3 3 3 5
Case #891: 15 1 1 1 1 1 1 2 2 3 3 3 5 5 5 7
Case #892: -1
Case #893: 11 1 1 1 1 1 1 1 1 2 2 29
Case #894: 18 1 1 1 1 1 1 1 1 1 1 1 1 1 1 1 1 2 23
Case #895: 22 1 1 1 1 1 1 2 2 2 2 2 2 2 2 2 2 2 2 2 2 2 5
Case #896: 20 1 1 1 1 1 1 1 1 1 1 1 2 2 2 2 2 2 2 5 11
Case #897: 20 1 1 1 1 1 1 2 2 2 2 2 2 2 2 2 2 2 3 5 5
Case #898: 13 1 1 1 1 1 2 2 3 3 5 5 5 11
Case #899: -1
Case #900: 17 1 1 1 1 1 1 1 1 1 1 2 2 2 2 5 5 13
Case #901: 21 1 1 1 1 1 1 1 1 1 1 1 2 2 2 2 3 3 3 3 5 5
Case #902: 18 1 1 1 2 2 2 2 2 2 2 2 2 3 3 3 3 3 5
Case #903: 18 1 1 1 1 1 1 1 1 1 1 1 2 2 2 2 2 3 17
Case #904: -1
Case #905: 12 1 1 1 1 1 1 1 1 1 1 2 29
Case #906: -1
Case #907: 31 1 1 1 1 1 1 1 1 1 1 1 1 1 1 1 1 1 1 1 1 1 1 1 1 1 1 1 1 3 3 7
Case #908: 19 1 1 1 1 1 1 1 1 1 1 2 2 2 2 2 2 3 5 11
Case #909: 15 1 1 1 1 2 2 2 2 2 2 3 3 5 7 7
Case #910: 19 1 1 1 1 1 1 1 2 2 2 2 2 2 2 2 3 3 5 7
Case #911: 32 1 1 1 1 1 1 1 1 1 1 1 1 1 1 1 1 1 1 1 1 1 1 1 1 1 1 1 1 1 2 5 5
Case #912: 21 1 1 1 1 1 1 1 1 1 1 1 1 1 1 2 2 3 3 3 3 11
Case #913: 21 1 1 1 1 1 1 1 1 1 1 1 1 1 1 1 3 3 3 5 5 7
Case #914: 24 1 1 1 1 1 1 1 1 1 2 2 2 2 2 2 2 2 2 2 2 2 2 3 3
Case #915: 15 1 1 1 1 1 1 1 1 1 1 1 1 1 1 27
Case #916: -1
Case #917: 33 1 1 1 1 1 1 1 1 1 1 1 1 1 1 1 1 1 1 1 1 1 1 1 1 1 1 1 1 1 3 3 3 3
Case #918: 17 1 1 1 1 1 1 1 1 1 1 1 2 2 2 2 3 19
Case #919: 16 1 1 1 1 1 1 1 1 1 1 2 3 5 5 5 11
Case #920: 21 1 1 1 1 1 1 1 1 1 1 1 1 1 1 1 1 1 1 1 11 11
Case #921: -1
Case #922: 10 1 1 1 1 2 3 3 5 7 17
Case #923: -1
Case #924: -1
Case #925: 20 1 1 1 1 1 1 1 2 2 2 2 2 2 2 3 3 3 3 3 5
Case #926: 25 1 1 1 1 1 1 1 1 1 1 1 1 2 2 2 2 2 2 2 2 2 2 2 2 5
Case #927: -1
Case #928: 7 1 1 1 5 5 11 17
Case #929: 26 1 1 1 1 1 1 1 1 1 1 1 1 1 1 1 1 1 1 2 2 2 3 3 3 3 5
Case #930: -1
Case #931: 28 1 1 1 1 1 1 1 1 1 1 1 1 1 1 1 1 1 1 2 2 2 2 2 2 2 2 2 5
Case #932: 22 1 1 1 1 1 1 1 1 1 1 1 2 2 2 3 3 3 3 3 3 3 3
Case #933: 25 1 1 1 1 1 1 1 1 1 1 1 1 1 1 1 1 1 1 3 3 3 3 3 3 5
Case #934: 19 1 1 1 1 1 1 1 1 1 1 2 2 2 2 3 3 5 5 7
Case #935: 14 1 1 1 2 2 2 2 2 3 3 5 5 5 7
Case #936: 21 1 1 1 1 2 2 2 2 2 2 2 2 2 2 2 2 2 2 3 3 3
Case #937: 20 1 1 2 2 2 2 2 2 2 2 2 2 2 2 2 2 2 2 2 5
Case #938: 12 1 1 2 2 2 2 2 2 2 3 5 17
Case #939: 23 1 1 1 1 1 1 1 1 1 1 1 1 1 1 1 1 1 1 1 1 2 2 17
Case #940: 28 1 1 1 1 1 1 1 1 1 1 1 1 1 1 1 1 1 1 1 1 1 1 2 2 2 3 3 7
Case #941: 17 1 1 1 1 1 1 1 1 2 2 2 2 3 3 5 7 7
Case #942: -1
Case #943: 31 1 1 1 1 1 1 1 1 1 1 1 1 1 1 1 1 1 1 1 1 1 1 1 1 1 1 1 1 3 5 5
Case #944: 16 1 1 1 1 1 1 1 1 2 2 2 3 5 5 7 7
Case #945: 19 1 1 1 1 1 1 2 2 2 2 2 2 2 2 3 3 3 3 7
Case #946: 24 1 1 1 1 1 1 1 1 1 1 1 1 2 2 2 2 2 2 2 2 2 2 2 7
Case #947: 17 1 1 1 2 2 2 2 2 2 3 3 3 3 3 3 3 5
Case #948: 21 1 1 1 1 1 1 1 1 1 1 1 1 1 1 1 1 2 2 5 5 11
Case #949: 26 1 1 1 1 1 1 1 1 1 1 1 1 1 1 1 1 1 1 1 1 1 2 3 3 5 7
Case #950: 32 1 1 1 1 1 1 1 1 1 1 1 1 1 1 1 1 1 1 1 1 1 1 1 1 1 1 1 1 1 1 1 10
Case #951: 18 1 1 1 1 1 1 1 1 1 2 2 2 3 3 3 3 3 11
Case #952: -1
Case #953: 27 1 1 1 1 1 1 1 1 1 1 1 1 1 1 1 2 2 2 2 2 2 2 2 2 2 3 3
Case #954: 16 1 1 1 1 1 2 2 2 2 2 3 3 3 3 7 7
Case #955: 10 1 1 1 2 3 3 3 3 5 19
Case #956: 27 1 1 1 1 1 1 1 1 1 1 1 1 1 1 1 1 1 1 1 1 1 1 1 1 3 3 11
Case #957: 13 1 1 1 1 1 2 2 3 3 5 7 7 7
Case #958: 21 1 1 1 1 1 1 1 1 1 1 1 1 1 2 2 3 3 3 5 5 5
Case #959: 21 1 1 1 1 1 1 1 1 1 1 1 1 3 3 3 3 3 3 3 3 5
Case #960: 24 1 1 1 1 1 1 1 1 1 1 1 1 1 1 1 2 3 3 3 3 3 3 3 3
Case #961: 18 1 1 1 1 1 1 1 1 1 1 2 3 3 3 3 3 7 7
Case #962: 28 1 1 1 1 1 1 1 1 1 1 1 1 1 1 1 1 1 1 1 1 1 1 1 1 1 1 1 14
Case #963: 21 1 1 1 1 1 1 2 2 2 2 2 2 2 2 2 2 3 3 3 3 3
Case #964: 12 1 1 1 2 3 3 5 5 5 5 5 5
Case #965: -1
