965
11340
84240
4536
147456
1848
40950
12800
108000
63360
28672
981028563
20
75600
2592
54880
2431
71280
1500
225792
13824
12768
57344
16000
540
2250
6720
8448
34300
18
51030
4914
99000
12544
31680
15552
65
71
61966
211680
124
31500
181440
934
336000
3780
60000
57600
73
28080
4050
28512
3864
22950
2430
40
139968
5297
306180
221184
8640
70400
172032
1512
302400
474
3696
66150
67584
660
88
5657
9827
20328
14400
15288
34
28800
214573
118
118272
41600
86016
270000
20592
30240
125440
24696
466560
59136
112
86
688978813
160
32000
33600
162000
7390
81920
75264
640
192000
349920
29
36
12348
2097152
29120
21168
8976
448
1008
202500
60
395
4480
40960
21000
69120
3
13230
14560
3168
192
85
134400
168960
9800
20160
2403381
5520
414720
589833267
361
11085765
216
13680
10080
307200
8660
2310
294912
51840
17920
103680
1620
27720
6840
364500
922505446
23040
55296
19800
57624
8208
8087519
64152
42
201600
93312
999999998
546750
94770
58320
501
7500
69
78750
15876
77
49392
24000
518400
2352
18720
27000
21870
552960
14112
6399199
67200
11664
52416
9180
128000
5400
787320
16
74088
4680
2200
69888
79548
67893369
6552
1440
67
3510
813
2940
64
243000
35503
64800
43740
65610
5940
186624
142560
430080
268800
51
10752
174960
28
983900459
145800
8772
26
96000
1
4752
2070
100800
5760
1615
18480
725573
34020
4943
95040
49152
3000
49
6400
989447237
2600
2304
33750
2730
2618049
100696425
15680
5808
3528
396
1920
169344
13
138240
105
1134
7938
32768
257
204120
55
472392
53940
241920
3024
176400
80
17640
6
8000
7560
113
47628
151200
17424
34560
16464
2400
126720
31200
18000
646
14700
78000
12672
5346
23232
33401221
168000
31
31752
13056
1249
80949857
179200
8372259
2156
805306368
52
49920
9489
85536
5616
16320
8
473
90
432255
2000
66
17280
38016
43
110
15840
84480
135
53
38497
96
132000
510205
57024
998244353
49280
3960
72
150000
88704
42120
52800
653477439
1680
746803744
66528
633
170
279936
82268566
22680
49896
1386
7128
1001
15400
7025
256000
24192
375000
16380
32256
9408
7056
964532929
12870
46080
904152917
673921
23115571
3264
35640
95256
90720
5016
3375
6750
119
198450
37440
47958485
14688
115248
96228
641
77760
18240
62
157464
697106497
76
8424
64680
127
24
91857
7455307
91
393660
4655
1215
57
109
4032
4560
1584
14040
68040
482421315
15750
102060
276480
768
11000
987
62208
94080
85050
41580
43200
9240
8550
27216
13440
9000
567
17
92160
3120
24576
124416
5625
4788
129
33
3456
25490988
132300
122877509
6480
1600
8748
216000
63000
131220
2016
59
2688
71805
25600
78
226800
189
20000
1323
1048576
48600
112000
311040
491520
22176
48000
32670
4896
85881
30030
15120
4733
110592
38
133650
35
314928
362
3600
8064
18816
21
16800
916855204
480000
14256
98415
69984
301056
161280
10000
142884
587234
7389
79
300000
200000
30
7392
2160
44
4488
24480
217728
16224
26880
12096
72900
4320
84000
125
576
6144
954158175
70200
19440
150528
6765
6300
476014
4
1001604
786432
5
58054077
3509575
17550
1671
7290
32076
40824
122
2707
5824
5600
2880
9100
6930
4620
281
583200
1904
405000
93
409342369
81648
102
114688
224
38880
34944
7785
9425
32
331776
116640
48384
994617
54000
700
517759
104976
3584
111
441
2268
2025
282791
957262828
8400
40320
70000
2376
37800
42768
999999999
5280
37
810
47040
63504
288
74880
33792
3312
54
546
459270
105600
108
42000
193536
118800
5601
165888
129024
15
8347
16524
864
12150
4704
163296
45
8100
926315427
115200
5767201
1260
29952
20736
1960
291600
164640
128
7920
89100
3371
420
2640
53760
70
95
8320
11232
288000
21600
393216
76032
144000
34111
12240
8015864
7
29160
665
207360
25
2
5040
3157819
21840
94
50688
16128
324000
19008
1520
59400
82944
26460
105000
84
388800
184320
1800
4539685
999999937
5073
4000
1890
67500
226151256
368640
9504
18432
10240
182250
25920
1817
7680
23760
33108
696
900360029
107520
11
4374
101250
360000
89600
34848
121500
2340
131
48510
9
120
49000
29250
21383
123
87
322560
104
30720
25002
180000
24300
99840
961175759
345600
194400
79200
54432
589824
900
524880
47473
300
5000
35100
209952
12000
30973
21504
2100
122880
118263990
92400
16200
64512
180
44550
6037
9450
4200
74
70560
21952
1764
97
245760
614400
85712697
60480
4312
39936
56
29700
136080
86400
5120
3900
1728
816
2736
23328
23
244944
460800
559
36283838
10500
135000
19656
405
89
27456
322081025
8960
1000000000
6600
998506315
22848
27184698
61440
101
105840
47
1701
129600
196608
6000
24750
50544
1944
5184
46464
70235461
123480
22500
969
230400
50000
10260
56700
6075
44928
259200
81000
486000
373248
8624
4173641
38400
2906162
5376
7776
196830
6541551
83160
10800
13860
1836
1056
98
536870912
949106497
4800
72000
65536
72576
84579
58800
17136
8826131
625433749
3360
12960
19200
92
54600
48
39600
3072
4158
340200
11264
10368
7296
391
235200
6804
792
4410
170100
4608
50400
240000
457481
432000
126
2720
4160
96768
76800
5250
782
63180
45000
519
28000
362880
112896
33696
22464
9900
524288
8316
107
323
215040
36864
9409159
31104
5304
44800
56448
56160
12288
87480
98304
45360
108864
2520
97200
83
120000
42336
672
408240
41472
31590
43680
7200
22
468
9600
11016
115
23400
29484
23100
110250
1000000
17820
236250
1824
117
103
5721
967669583
64922375
1530
262440
42105
48238
52920
233280
94500
621008
116
46
163840
7040
153600
49500
346742385
5200
32400
622080
1632
106
58
7897861
63
10560
141120
80640
50
3564
4725
73728
27
131980
81
912
8250
121
193
10710
1741
986129769
155520
20480
92317161
4675
3240
42755209
2560
52488
3645
25200
252000
442368
655360
32640
68
504
35280
938017885
75
29400
145152
14336
699840
1100
630
10
21384
194241
9216
127008
15390
99
61740
13500
32805
13122
23814
14
248832
281250
5044
