500
999999999 100 999999998 1
4 2 2 1
259765240 2 1 1
1000000000 1000000000 1 1
999999999 999999999 3 97982365
632200338 3 1 2
100 1000000000 2 999999999
1000000000 4 1 1
999999999 1000000000 1 1
452792670 1000000000 2 115192647
999999999 3 999999998 2
697757447 999999999 3 614333645
201238540 100 49757290 14
3 4 2 1
2 999999999 1 2
2 1000000000 1 621800414
999999999 999999999 1 2
3 999999999 2 2
998645846 2 2 1
999999999 489345280 108542079 3
3 100 1 3
100 999999999 1 913663288
1000000000 100 99694839 3
999999999 3 3 2
3 811153361 1 12686097
100 3 99 1
2 2 1 1
999999999 999999999 3 2
377173489 999999999 3 1
999999999 100 3 1
4 3 2 1
999999999 2 2 1
4 999999999 2 3
76553835 3 3 2
999999999 999999999 1 3
1000000000 1000000000 1 4469475
4 100 3 1
100 4 1 3
100 999999999 5 3
1000000000 999999999 3 1
1000000000 100 3 99
100 999999999 99 1
427727826 1000000000 3 1
1000000000 1000000000 999999999 2
1000000000 1000000000 999999999 3
880984255 1000000000 1 3
1000000000 723284552 647366837 1
1000000000 100 1 3
586838884 999999999 2 2
999999999 999999999 1 1
3 999999999 1 419422452
999999999 3 132294377 2
999999999 100 1 99
999999999 1000000000 488516079 1
4 4 3 3
4 100 2 2
100 2 99 1
4 1000000000 1 809590669
4 4 2 1
2 736436882 1 1
999999999 999999999 3 3
3 190048202 1 3
699118378 100 371255050 53
1000000000 1000000000 2 1
999999999 4 2 1
1000000000 100 2 27
713458743 999999999 1 232415301
4 100 2 3
1000000000 999999999 2 2
100 100 1 1
100 3 1 1
100 999999999 1 3
1000000000 100 999999999 1
3 999999999 2 930212147
100 470997877 1 2
126406469 999999999 3 3
1000000000 2 1 1
1000000000 999999999 1 1
100 999999999 3 2
1000000000 1000000000 999999999 999999999
999999999 100 2 3
4 999999999 1 2
100 4 3 3
275678673 999999999 1 1
3 3 1 2
100 3 99 2
100 397986566 65 2
4 4 3 1
4 100 1 3
3 3 2 2
999999999 999999999 999999998 999999998
1000000000 100 872721048 64
999999999 396025382 2 2
4 4 3 2
365482087 971250614 97597 28576180
999999999 130079639 121158886 3
163592637 549432548 2 110629430
587962907 2 570433024 1
999999999 100 2 2
3 1000000000 2 2
100 999999999 99 999999998
1000000000 1000000000 432922762 516684653
4 100 1 40
1000000000 352351844 795508322 1
999999999 1000000000 38408940 1
100 999999999 72 3
999999999 3 1 1
100 1000000000 2 3
100 1000000000 14 1
999999999 999999999 999999998 3
4 3 3 2
271589777 216429783 1 1
1000000000 3 2 1
4 1000000000 1 1
4 100 1 2
3 4 1 2
100 999999999 2 3
1000000000 1000000000 711006329 2
1000000000 445823784 2 2
4 100 1 1
999999999 1000000000 3 1
100 3 1 2
100 2 2 1
1000000000 100 3 3
205684158 100 1 3
100 100 99 99
2 999999999 1 354427649
100 4 1 2
3 999999999 2 3
999999999 4 888595089 3
4 4 1 3
4 999999999 1 1
999999999 4 999999998 1
4 1000000000 1 999999999
4 1000000000 2 999999999
19089712 3 3 1
100 999999999 99 2
4 999999999 2 999999998
1000000000 1000000000 3 1
3 49194494 2 1
900930753 3 3 1
3 999999999 2 1
2 1000000000 1 1
351511977 1000000000 3 1
999999999 1000000000 3 3
1000000000 889034323 2 585497466
779009402 100 3 3
999999999 1000000000 999999998 1
207868204 1000000000 2 225202610
100 1000000000 1 1
1000000000 100 3 2
4 4 1 2
1000000000 999999999 1 3
1000000000 2 592728920 1
999999999 1000000000 2 3
3 999999999 1 999999998
3 4 2 3
100 999999999 1 1
3 1000000000 1 3
2 1000000000 1 999999999
4 100 1 99
3 1000000000 1 1
999999999 153855548 3 2
100 1000000000 2 2
3 100 2 2
4 4 1 1
1000000000 4 999999999 2
1000000000 999999999 2 47219043
4 100 2 71
109588419 516866303 95880941 3
3 3 2 1
1000000000 100 2 99
1000000000 3 1 1
999999999 1000000000 3 2
999999999 3 2 1
100 3 2 1
1000000000 999999999 2 756841576
100 100 3 2
1000000000 1000000000 1 999999999
4 1000000000 3 999999999
3 999999999 2 478452455
820459816 1000000000 228363612 2
2 590064564 1 410727603
999999999 3 1 2
1000000000 4 606716047 3
100 100 2 1
2 100 1 2
903145896 4 200741956 3
4 3 1 1
1000000000 748176992 2 3
999999999 100 999999998 3
100 1000000000 1 3
6565870 999999999 5153895 286487589
630783940 100 3 2
3 999999999 1 79992930
100 1000000000 1 2
100 999999999 83 1
999999999 3 2 2
3 100 1 99
632902334 4 3 3
1000000000 999999999 3 3
999999999 2 1 1
100 1000000000 3 1
100 100 1 3
1000000000 999999999 313743023 2
2 4 1 2
66434218 3 2 2
999999999 1000000000 999999998 2
3 100 2 3
977912389 734778827 532290378 1
100 3 2 2
100 100 2 3
999999999 4 999999998 3
1000000000 2 2 1
38475058 4 38289611 2
2 999999999 1 999999998
100 4 99 2
4 308024713 3 2
999999999 100 1 2
4 292678792 1 2
3 1000000000 1 638408569
4 1000000000 2 3
2 100 1 99
404696558 1000000000 344580310 355699065
270079655 4 13920983 1
100 1000000000 3 999999999
1000000000 4 998306795 2
4 999999999 2 1
100 2 3 1
100 1000000000 99 999999999
100 999999999 99 3
100 4 99 1
1000000000 1000000000 3 3
100 100 99 2
999999999 999999999 3 999999998
100 1000000000 3 2
1000000000 999999999 2 3
3 440178503 1 1
100 4 99 3
100 4 3 2
1000000000 100 999999999 2
1000000000 3 2 2
1000000000 3 999999999 1
999999999 100 2 99
1000000000 999999999 3 999999998
1000000000 1000000000 2 999999999
999999999 4 90975763 3
1000000000 1000000000 999999999 1
1000000000 4 2 2
999999999 999999999 2 999999998
1000000000 100 3 1
100 492122489 3 2
999999999 999999999 2 2
4 100 2 31
100 999999999 2 2
100 4 1 1
1000000000 1000000000 3 2
1000000000 100 2 1
999999999 1000000000 3 233117279
4 100 2 99
100 4 2 2
999999999 999999999 2 3
100 100 2 2
999999999 999999999 2 1
1000000000 4 2 1
3 100 1 64
4 999999999 1 999999998
999999999 100 2 1
999999999 919338507 247646166 1
100 100 2 99
3 2 2 1
100 3 3 1
100 1000000000 3 3
513324740 2 1 1
160776118 100 1 1
4 4 2 2
135818523 100 127108945 1
142421367 2 48241495 1
4 1000000000 1 2
999999999 100 1 3
999999999 4 3 2
100 100 99 3
4 3 2 2
3 4 2 2
3 999999999 1 3
999999999 1000000000 2 2
100 999999999 3 607160337
999999999 100 3 2
999999999 1000000000 2 724564983
4 1000000000 2 1
1000000000 1000000000 244626410 3
100 100 3 99
100 999999999 3 1
999999999 1000000000 2 999999999
3 1000000000 1 999999999
997867345 170075009 374134420 2
1000000000 3 3 2
4 100 3 99
999999999 2 999999998 1
1000000000 100 1 99
1000000000 1000000000 2 3
4 249842301 1 1
1000000000 4 999999999 3
1000000000 84082569 375561153 2
1000000000 1000000000 301408972 2
1000000000 3 198570665 2
4 999999999 2 2
3 2 1 1
100 2 9 1
999999999 999999999 999999998 2
1000000000 100 999999999 3
4 625855660 3 1
999999999 4 1 3
999999999 100 2 11
100 1000000000 99 2
100 3 3 2
1000000000 999999999 1 2
1000000000 999999999 999999999 1
999999999 1000000000 1 2
100 999999999 1 2
999999999 100 999999998 2
999999999 100 3 3
999999999 1000000000 3 780175482
3 100 2 1
475576299 79599546 62711377 1
1000000000 999999999 999999999 3
100 4 2 1
999999999 4 627313199 3
999999999 999999999 1 999999998
501599341 999999999 2 3
406955220 100 2 1
515006471 3 3 2
2 999999999 1 1
2 3 1 2
4 1000000000 2 2
2 999999999 1 3
999999999 4 1 1
100 4 84 3
1000000000 999999999 90055928 1
999999999 100 361399062 76
100 999999999 1 999999998
100 2 1 1
4 2 3 1
1000000000 3 999999999 2
992439437 2 2 1
843094006 3 3 1
999999999 100 999999998 99
100 100 99 1
999999999 1000000000 3 999999999
1000000000 1000000000 1 2
1000000000 527180352 2 1
588778144 302958057 3 3
1000000000 2 3 1
2 475952396 1 3
3 131597407 2 130390896
999999999 100 1 1
4 1000000000 1 3
3 100 2 99
3 999999999 1 1
4 999999999 2 471976874
1000000000 293794518 859896680 2
3 999999999 1 2
1000000000 4 3 3
2 3 1 1
100 916630865 1 2
1000000000 1000000000 3 999999999
4 4 2 3
4 999999999 3 1
3 999999999 2 217585714
1000000000 999999999 999999999 2
999999999 999999999 999999998 1
100 1000000000 2 1
1000000000 999999999 1 999999998
690839093 999999999 2 3
606735969 100 574575067 9
3 4 1 3
100 999999999 3 999999998
4 999999999 1 3
1000000000 999999999 3 2
2 1000000000 1 2
1000000000 999999999 2 1
1000000000 4 1 3
100 4 3 1
904027769 100 278679397 3
999999999 1000000000 1 999999999
1000000000 4 1 2
3 100 1 1
999999999 999999999 3 1
999999999 4 1 2
100 100 3 48
999999999 4 3 1
1000000000 4 2 3
4 314723735 2 2
2 4 1 1
100 3 98 2
2 1000000000 1 3
999999999 1000000000 2 1
999999999 999999999 3 361042743
4 100 3 2
4 1000000000 3 3
999999999 388726895 726514352 2
100 4 2 3
3 1000000000 1 2
3 637320062 1 460765579
4 999999999 3 3
874810763 1000000000 1 903855415
2 43534587 1 1
1000000000 100 1 2
588175668 2 2 1
999999999 4 2 2
100 999999999 2 999999998
3 387806766 2 3
4 1000000000 3 1
1000000000 2 999999999 1
999999999 1000000000 1 3
1000000000 916764387 127932786 3
1000000000 4 3 2
4 100 2 1
100 100 3 1
3 999999999 2 999999998
803061495 4 3 3
100 1000000000 99 3
499812538 999999999 1 1
999999999 3 999999998 1
4 410312616 3 176330867
809198703 3 2 1
100 1000000000 1 999999999
999999999 3 3 1
3 560442205 2 3
100 100 3 3
1000000000 999999999 2 999999998
100 999999999 43 2
999999999 2 3 1
400638252 4 3 2
1000000000 100 2 16
999999999 1000000000 999999998 3
1000000000 1000000000 245797795 1
598618548 1000000000 1 2
704993648 595827515 1 3
4 999999999 3 2
4 3 1 2
100 100 2 80
4 783105139 2 2
3 1000000000 2 1
3 100 1 2
100 616551719 3 3
999999999 100 3 99
1000000000 1000000000 1 3
1000000000 100 999999999 99
2 100 1 1
3 1000000000 2 999999999
999999999 999999999 1 713021361
999999999 4 999999998 2
1000000000 4 3 1
269564282 100 1 3
100 999999999 49 1
3 929445484 2 1
999999999 1000000000 999999998 999999999
3 332461468 2 3
4 100 3 3
1000000000 4 999999999 1
4 3 3 1
569981406 4 2 2
100 1000000000 99 1
1000000000 100 2 2
1000000000 999999999 999999999 999999998
3 1000000000 1 197472206
3 4 1 1
999999999 4 2 3
1000000000 1000000000 2 2
1000000000 100 1 1
100 100 1 2
999999999 4 618409559 1
3 1000000000 2 3
100 999999999 1 4861357
2 100 1 3
2 4 1 3
100 999999999 3 3
4 999999999 3 999999998
1000000000 3 1 2
3 3 1 1
914040527 100 1 2
1000000000 100 2 3
671771882 1000000000 458242975 1
474573491 100 2 2
4 198068727 2 2
100 999999999 2 1
1000000000 3 3 1
999999999 878891013 1 3
1000000000 354487415 2 1
543383962 764857696 2 41522173
268284003 3 3 1
999999999 4 3 3
804684832 197217720 1 153175513
1000000000 743670139 3 3
4 2 1 1
770491971 1000000000 3 1
100 100 1 99
1000000000 100 75322340 3
4 1000000000 3 2
